# Figure of merit file, FOM = 350.000000
generated from figure of merit 
0.059841 0.010000
0.088685 0.019990
0.112779 0.029980
0.134579 0.039970
0.155032 0.049960
0.174623 0.059949
0.193641 0.069939
0.212279 0.079929
0.230668 0.089919
0.248910 0.099909
0.267082 0.109899
0.285247 0.119889
0.303456 0.129879
0.321753 0.139869
0.340178 0.149859
0.358764 0.159848
0.377545 0.169838
0.396548 0.179828
0.415803 0.189818
0.435335 0.199808
0.455171 0.209798
0.475335 0.219788
0.495853 0.229778
0.516749 0.239768
0.538049 0.249758
0.559779 0.259747
0.581964 0.269737
0.604631 0.279727
0.627808 0.289717
0.651524 0.299707
0.675806 0.309697
0.700688 0.319687
0.726200 0.329677
0.752376 0.339667
0.779253 0.349657
0.806866 0.359646
0.835256 0.369636
0.864463 0.379626
0.894533 0.389616
0.925511 0.399606
0.957447 0.409596
0.990395 0.419586
1.024409 0.429576
1.059551 0.439566
1.095885 0.449556
1.133480 0.459545
1.172409 0.469535
1.212753 0.479525
1.254596 0.489515
1.298031 0.499505
1.343158 0.509495
1.390084 0.519485
1.438927 0.529475
1.489813 0.539465
1.542880 0.549455
1.598279 0.559444
1.656174 0.569434
1.716745 0.579424
1.780190 0.589414
1.846724 0.599404
1.916588 0.609394
1.990045 0.619384
2.067387 0.629374
2.148940 0.639364
2.235064 0.649354
2.326165 0.659343
2.422694 0.669333
2.525161 0.679323
2.634140 0.689313
2.750282 0.699303
2.874327 0.709293
3.007121 0.719283
3.149634 0.729273
3.302985 0.739263
3.468470 0.749253
3.647602 0.759242
3.842156 0.769232
4.054226 0.779222
4.286305 0.789212
4.541380 0.799202
4.823067 0.809192
5.135776 0.819182
5.484954 0.829172
5.877396 0.839162
6.321702 0.849152
6.828907 0.859141
7.413419 0.869131
8.094406 0.879121
8.897946 0.889111
9.860442 0.899101
11.034299 0.909091
12.497803 0.919081
14.373340 0.929071
16.863551 0.939061
20.330007 0.949051
25.487020 0.959040
33.970567 0.969030
50.532623 0.979020
97.203479 0.989010
1076.334933 0.999000
