101	-5.00E+00	-1.00002600E-05
100	-4.95E+00	-1.00002800E-05
99	-4.90E+00	-1.00003200E-05
98	-4.85E+00	-1.00002400E-05
97	-4.80E+00	-1.00002800E-05
96	-4.75E+00	-1.00003000E-05
95	-4.70E+00	-1.00002400E-05
94	-4.65E+00	-1.00003000E-05
93	-4.60E+00	-1.00002800E-05
92	-4.55E+00	-1.00002500E-05
91	-4.50E+00	-1.00003300E-05
90	-4.45E+00	-1.00002800E-05
89	-4.40E+00	-1.00002700E-05
88	-4.35E+00	-1.00003300E-05
87	-4.30E+00	-1.00002400E-05
86	-4.25E+00	-1.00002800E-05
85	-4.20E+00	-1.00002900E-05
84	-4.15E+00	-1.00002300E-05
83	-4.10E+00	-1.00002900E-05
82	-4.05E+00	-1.00002900E-05
81	-4.00E+00	-1.00002500E-05
80	-3.95E+00	-1.00003400E-05
79	-3.90E+00	-1.00002600E-05
78	-3.85E+00	-1.00002800E-05
77	-3.80E+00	-1.00002800E-05
76	-3.75E+00	-1.00002500E-05
75	-3.70E+00	-1.00003200E-05
74	-3.65E+00	-1.00002900E-05
73	-3.60E+00	-1.00002700E-05
72	-3.55E+00	-1.00003300E-05
71	-3.50E+00	-1.00002700E-05
70	-3.45E+00	-1.00002800E-05
69	-3.40E+00	-1.00003100E-05
68	-3.35E+00	-1.00002400E-05
67	-3.30E+00	-1.00002900E-05
66	-3.25E+00	-1.00003000E-05
65	-3.20E+00	-1.00002300E-05
64	-3.15E+00	-1.00003100E-05
63	-3.10E+00	-1.00002900E-05
62	-3.05E+00	-1.00002600E-05
61	-3.00E+00	-1.00003300E-05
60	-2.95E+00	-1.00002800E-05
59	-2.90E+00	-1.00002800E-05
58	-2.85E+00	-1.00003300E-05
57	-2.80E+00	-1.00002600E-05
56	-2.75E+00	-1.00002800E-05
55	-2.70E+00	-1.00003100E-05
54	-2.65E+00	-1.00002400E-05
53	-2.60E+00	-1.00003100E-05
52	-2.55E+00	-1.00002900E-05
51	-2.50E+00	-1.00002600E-05
50	-2.45E+00	-1.00003200E-05
49	-2.40E+00	-1.00002900E-05
48	-2.35E+00	-1.00002700E-05
47	-2.30E+00	-1.00003400E-05
46	-2.25E+00	-1.00002700E-05
45	-2.20E+00	-1.00002900E-05
44	-2.15E+00	-1.00003200E-05
43	-2.10E+00	-1.00002500E-05
42	-2.05E+00	-1.00002900E-05
41	-2.00E+00	-1.00003000E-05
40	-1.95E+00	-1.00002500E-05
39	-1.90E+00	-1.00003200E-05
38	-1.85E+00	-1.00002900E-05
37	-1.80E+00	-1.00002700E-05
36	-1.75E+00	-1.00003400E-05
35	-1.70E+00	-1.00002800E-05
34	-1.65E+00	-1.00002900E-05
33	-1.60E+00	-1.00003300E-05
32	-1.55E+00	-1.00002500E-05
31	-1.50E+00	-1.00002800E-05
30	-1.45E+00	-1.00003100E-05
29	-1.40E+00	-1.00002400E-05
28	-1.35E+00	-1.00003100E-05
27	-1.30E+00	-1.00002900E-05
26	-1.25E+00	-1.00002600E-05
25	-1.20E+00	-1.00003400E-05
24	-1.15E+00	-1.00002900E-05
23	-1.10E+00	-1.00002900E-05
22	-1.05E+00	-1.00003400E-05
21	-1.00E+00	-1.00002700E-05
20	-9.50E-01	-1.00002900E-05
19	-9.00E-01	-1.00003200E-05
18	-8.50E-01	-1.00002500E-05
17	-8.00E-01	-1.00003000E-05
16	-7.50E-01	-1.00003000E-05
15	-7.00E-01	-1.00002600E-05
14	-6.50E-01	-1.00003300E-05
13	-6.00E-01	-1.00002900E-05
12	-5.50E-01	-1.00002700E-05
11	-5.00E-01	-1.00003500E-05
10	-4.50E-01	-1.00002800E-05
9	-4.00E-01	-1.00002900E-05
8	-3.50E-01	-1.00003300E-05
7	-3.00E-01	-1.00002600E-05
6	-2.50E-01	-1.00003000E-05
5	-2.00E-01	-1.00003000E-05
4	-1.50E-01	-1.00002500E-05
3	-1.00E-01	-1.00003200E-05
2	-5.00E-02	-1.00002900E-05
1	 0 	 -2.78566E-006 
2	 5.000E-002 	 4.55364E-004 
3	 1.0000E-001 	 9.11726E-004 
4	 1.5000E-001 	 1.36624E-003 
5	 2.0000E-001 	 1.82008E-003 
6	 2.5000E-001 	 2.27509E-003 
7	 3.0000E-001 	 2.73126E-003 
8	 3.5000E-001 	 3.18894E-003 
9	 4.0000E-001 	 3.64528E-003 
10	 4.5000E-001 	 4.10893E-003 
11	 5.0000E-001 	 4.57486E-003 
12	 5.500E-001 	 5.04067E-003 
13	 6.000E-001 	 5.51036E-003 
14	 6.500E-001 	 5.98007E-003 
15	 7.000E-001 	 6.44986E-003 
16	 7.500E-001 	 6.92144E-003 
17	 8.000E-001 	 7.40175E-003 
18	 8.500E-001 	 7.88509E-003 
19	 9.000E-001 	 8.36996E-003 
20	 9.500E-001 	 8.85345E-003 
21	 1.0000E+000 	 9.33993E-003 
22	 1.0500E+000 	 9.82936E-003 
23	 1.1000E+000 	 1.03185E-002 
24	 1.1500E+000 	 1.08154E-002 
25	 1.2000E+000 	 1.13189E-002 
26	 1.2500E+000 	 1.18167E-002 
27	 1.3000E+000 	 1.23177E-002 
28	 1.3500E+000 	 1.28206E-002 
29	 1.4000E+000 	 1.33268E-002 
30	 1.4500E+000 	 1.38340E-002 
31	 1.5000E+000 	 1.43409E-002 
32	 1.5500E+000 	 1.48555E-002 
33	 1.6000E+000 	 1.53673E-002 
34	 1.6500E+000 	 1.58790E-002 
35	 1.7000E+000 	 1.63924E-002 
36	 1.7500E+000 	 1.69099E-002 
37	 1.8000E+000 	 1.74288E-002 
38	 1.8500E+000 	 1.79496E-002 
39	 1.9000E+000 	 1.84677E-002 
40	 1.9500E+000 	 1.89828E-002 
41	 2.0000E+000 	 1.95095E-002 
42	 2.0500E+000 	 2.00366E-002 
43	 2.1000E+000 	 2.05658E-002 
44	 2.1500E+000 	 2.10890E-002 
45	 2.2000E+000 	 2.16236E-002 
46	 2.2500E+000 	 2.21526E-002 
47	 2.3000E+000 	 2.26915E-002 
48	 2.3500E+000 	 2.32367E-002 
49	 2.4000E+000 	 2.37728E-002 
50	 2.4500E+000 	 2.43055E-002 
51	 2.5000E+000 	 2.48432E-002 
52	 2.5500E+000 	 2.53806E-002 
53	 2.6000E+000 	 2.59282E-002 
54	 2.6500E+000 	 2.64737E-002 
55	 2.7000E+000 	 2.70189E-002 
56	 2.7500E+000 	 2.75662E-002 
57	 2.8000E+000 	 2.81068E-002 
58	 2.8500E+000 	 2.86598E-002 
59	 2.9000E+000 	 2.92186E-002 
60	 2.9500E+000 	 2.97646E-002 
61	 3.0000E+000 	 3.03087E-002 
62	 3.0500E+000 	 3.08581E-002 
63	 3.1000E+000 	 3.14202E-002 
64	 3.1500E+000 	 3.19731E-002 
65	 3.2000E+000 	 3.25284E-002 
66	 3.2500E+000 	 3.30831E-002 
67	 3.3000E+000 	 3.36407E-002 
68	 3.3500E+000 	 3.42019E-002 
69	 3.4000E+000 	 3.47663E-002 
70	 3.4500E+000 	 3.53402E-002 
71	 3.5000E+000 	 3.59059E-002 
72	 3.5500E+000 	 3.64639E-002 
73	 3.6000E+000 	 3.70520E-002 
74	 3.6500E+000 	 3.76599E-002 
75	 3.7000E+000 	 3.82460E-002 
76	 3.7500E+000 	 3.88063E-002 
77	 3.8000E+000 	 3.93761E-002 
78	 3.8500E+000 	 3.99551E-002 
79	 3.9000E+000 	 4.05233E-002 
80	 3.9500E+000 	 4.10911E-002 
81	 4.0000E+000 	 4.16451E-002 
82	 4.0500E+000 	 4.22181E-002 
83	 4.1000E+000 	 4.27773E-002 
84	 4.1500E+000 	 4.33520E-002 
85	 4.2000E+000 	 4.39464E-002 
86	 4.2500E+000 	 4.44004E-002 
87	 4.3000E+000 	 4.49834E-002 
88	 4.3500E+000 	 4.57310E-002 
89	 4.4000E+000 	 4.63123E-002 
90	 4.4500E+000 	 4.69028E-002 
91	 4.5000E+000 	 4.74718E-002 
92	 4.5500E+000 	 4.80567E-002 
93	 4.6000E+000 	 4.86372E-002 
94	 4.6500E+000 	 4.92224E-002 
95	 4.7000E+000 	 4.97935E-002 
96	 4.7500E+000 	 5.00028E-002 

