800
795
790
785
780
775
770
765
760
755
750
745
740
735
730
725
720
715
710
705
700
695
690
685
680
675
670
665
660
655
650
645
640
635
630
625
620
615
610
605
600
595
590
585
580
575
570
565
560
555
550
545
540
535
530
525
520
515
510
505
500
495
490
485
480
475
470
465
460
455
450
445
440
435
430
425
420
415
410
405
400
395
390
385
380
375
370
365
360
355
350
345
340
335
330
325
320
315
310
305
300
295
290
285
280
275
270
265
260
255
250
245
240
235
230
225
220
215
210
205
200
195
190
185
180
175
170
165
160
155
150
145
140
135
130
125
120
115
110
105
100
95
90
85
80
75
70
65
60
55
50
45
40
35
30
25
20
15
10
5
-0
-5
-10
-15
-20
-25
-30
-35
-40
-45
-50
-55
-60
-65
-70
-75
-80
-85
-90
-95
-100
-105
-110
-115
-120
-125
-130
-135
-140
-145
-150
-155
-160
-165
-170
-175
-180
-185
-190
-195
-200
-205
-210
-215
-220
-225
-230
-235
-240
-245
-250
-255
-260
-265
-270
-275
-280
-285
-290
-295
-300
-305
-310
-315
-320
-325
-330
-335
-340
-345
-350
-355
-360
-365
-370
-375
-380
-385
-390
-395
-400
-405
-410
-415
-420
-425
-430
-435
-440
-445
-450
-455
-460
-465
-470
-475
-480
-485
-490
-495
-500
-505
-510
-515
-520
-525
-530
-535
-540
-545
-550
-555
-560
-565
-570
-575
-580
-585
-590
-595
-600
-605
-610
-615
-620
-625
-630
-635
-640
-645
-650
-655
-660
-665
-670
-675
-680
-685
-690
-695
-700
-705
-710
-715
-720
-725
-730
-735
-740
-745
-750
-755
-760
-765
-770
-775
-780
-785
-790
-795
-800
