300 0.231687 6.81392
307.778 0.220385 6.62409
315.556 0.209803 6.4432
323.333 0.199915 6.27057
331.111 0.1907 6.10556
338.889 0.182143 5.94762
346.667 0.174234 5.79625
354.444 0.166963 5.65101
362.222 0.160322 5.51148
370 0.154305 5.37731
377.778 0.148903 5.24817
385.556 0.144107 5.12376
393.333 0.139905 5.00383
401.111 0.136283 4.88813
408.889 0.133225 4.77644
416.667 0.130711 4.66856
424.444 0.128717 4.56431
432.222 0.127218 4.46352
440 0.126187 4.36603
447.778 0.125592 4.2717
455.556 0.125402 4.18038
463.333 0.125583 4.09195
471.111 0.126101 4.00628
478.889 0.12692 3.92326
486.667 0.128007 3.84276
494.444 0.129326 3.76469
502.222 0.130845 3.68894
510 0.13253 3.6154
517.778 0.134351 3.54398
525.556 0.136278 3.47457
533.333 0.138284 3.4071
541.111 0.140343 3.34146
548.889 0.142431 3.27757
556.667 0.144526 3.21534
564.444 0.146607 3.15469
572.222 0.148656 3.09555
580 0.150657 3.03783
587.778 0.152595 2.98145
595.556 0.154456 2.92635
603.333 0.156229 2.87245
611.111 0.157901 2.81969
618.889 0.159465 2.76798
626.667 0.160911 2.71728
634.444 0.162233 2.6675
642.222 0.163423 2.61859
650 0.164476 2.57048
657.778 0.165387 2.5231
665.556 0.166151 2.47641
673.333 0.166766 2.43032
681.111 0.167227 2.38478
688.889 0.167534 2.33972
696.667 0.167684 2.29507
704.444 0.167676 2.25076
712.222 0.167511 2.20673
720 0.16719 2.1629
727.778 0.166715 2.11918
735.556 0.166091 2.0755
743.333 0.165323 2.03176
751.111 0.164421 1.98786
758.889 0.163397 1.9437
766.667 0.162268 1.89916
774.444 0.161055 1.8541
782.222 0.159789 1.80839
790 0.158508 1.76185
797.778 0.157266 1.7143
805.556 0.15613 1.66552
813.333 0.155194 1.61526
821.111 0.15458 1.56323
828.889 0.154456 1.50909
836.667 0.155048 1.45244
844.444 0.156668 1.3928
852.222 0.159751 1.32959
860 0.16492 1.26211
867.778 0.173078 1.18954
875.556 0.185582 1.11088
883.333 0.204535 1.02504
891.111 0.233299 0.930987
898.889 0.277327 0.828598
906.667 0.344855 0.721009
914.444 0.444159 0.619532
922.222 0.572386 0.543342
930 0.711858 0.50282
937.778 0.847328 0.493142
945.556 0.972911 0.506246
953.333 1.08714 0.536614
961.111 1.18952 0.580921
968.889 1.27941 0.636891
976.667 1.35591 0.70251
984.444 1.41799 0.775584
992.222 1.46485 0.853558
1000 1.49614 0.933536
1007.78 1.51224 1.01249
1015.56 1.51432 1.08757
1023.33 1.50423 1.1564
1031.11 1.48429 1.21729
1038.89 1.45695 1.26933
1046.67 1.42458 1.31229
1054.44 1.38923 1.3465
1062.22 1.35257 1.37266
1070 1.31587 1.39163
