100 0.400267 22.8567
109.91 0.318583 20.5537
119.82 0.259603 18.6869
129.73 0.215357 17.1395
139.64 0.181121 15.834
149.55 0.153933 14.7164
159.459 0.131848 13.7479
169.369 0.113545 12.8999
179.279 0.098098 12.1507
189.189 0.0848412 11.4837
199.099 0.0732895 10.8857
209.009 0.0630856 10.3462
218.919 0.0539677 9.85683
228.829 0.045748 9.41068
238.739 0.0382991 9.00206
248.649 0.031543 8.62622
258.559 0.025443 8.27919
268.468 0.0199932 7.95763
278.378 0.0152078 7.65872
288.288 0.0111077 7.38007
298.198 0.00770639 7.11966
308.108 0.00499893 6.87576
318.018 0.00295463 6.64688
327.928 0.00151638 6.43172
337.838 0.000605604 6.22915
347.748 0.000131042 6.03814
357.658 1.5777e-06 -5.85775
367.568 0.00011881 5.68715
377.477 0.00041425 5.52555
387.387 0.000820518 5.37226
397.297 0.00128751 5.22664
407.207 0.00177806 5.08809
417.117 0.00226597 4.9561
427.027 0.0027338 4.83017
436.937 0.00317078 4.70988
446.847 0.00357101 4.59482
456.757 0.00393205 4.48464
466.667 0.00425375 4.37901
476.577 0.00453749 4.27764
486.486 0.00478553 4.18024
496.396 0.00500064 4.08658
506.306 0.00518576 3.99641
516.216 0.00534388 3.90954
526.126 0.00547788 3.82578
536.036 0.00559047 3.74493
545.946 0.00568416 3.66684
555.856 0.00576124 3.59136
565.766 0.00582377 3.51834
575.676 0.00587361 3.44766
585.586 0.00591241 3.37918
595.495 0.00594163 3.3128
605.405 0.0059626 3.24842
615.315 0.00597644 3.18592
625.225 0.00598417 3.12523
635.135 0.00598669 3.06624
645.045 0.00598479 3.00889
654.955 0.00597915 2.95309
664.865 0.00597037 2.89877
674.775 0.005959 2.84587
684.685 0.0059455 2.79431
694.595 0.00593028 2.74405
704.505 0.0059137 2.69502
714.414 0.00589608 2.64717
724.324 0.0058777 2.60045
734.234 0.00585881 2.5548
744.144 0.00583962 2.5102
754.054 0.00582032 2.46658
763.964 0.00580107 2.42391
773.874 0.00578204 2.38216
783.784 0.00576334 2.34128
793.694 0.00574509 2.30123
803.604 0.0057274 2.262
813.514 0.00571036 2.22353
823.423 0.00569405 2.18581
833.333 0.00567853 2.1488
843.243 0.00566389 2.11247
853.153 0.00565017 2.07681
863.063 0.00563742 2.04177
872.973 0.00562571 2.00734
882.883 0.00561508 1.9735
892.793 0.00560556 1.94022
902.703 0.0055972 1.90747
912.613 0.00559004 1.87525
922.523 0.00558412 1.84352
932.432 0.00557946 1.81227
942.342 0.00557611 1.78148
952.252 0.00557411 1.75113
962.162 0.00557349 1.72121
972.072 0.00557428 1.69169
981.982 0.00557653 1.66256
991.892 0.00558028 1.6338
1001.8 0.00558557 1.6054
1011.71 0.00559244 1.57735
1021.62 0.00560095 1.54962
1031.53 0.00561114 1.5222
1041.44 0.00562307 1.49508
1051.35 0.00563679 1.46825
1061.26 0.00565238 1.44169
1071.17 0.0056699 1.41538
1081.08 0.00568943 1.38931
1090.99 0.00571105 1.36348
1100.9 0.00573485 1.33786
1110.81 0.00576092 1.31245
1120.72 0.00578938 1.28722
1130.63 0.00582033 1.26217
1140.54 0.00585392 1.23729
1150.45 0.00589028 1.21255
1160.36 0.00592958 1.18795
1170.27 0.00597198 1.16347
1180.18 0.00601767 1.1391
1190.09 0.00606688 1.11483
1200 0.00611984 1.09063
1209.91 0.00617682 1.0665
1219.82 0.00623812 1.04241
1229.73 0.00630408 1.01836
1239.64 0.00637507 0.994317
1249.55 0.00645154 0.970273
1259.46 0.00653396 0.946205
1269.37 0.0066229 0.922093
1279.28 0.00671901 0.897914
1289.19 0.00682303 0.873646
1299.1 0.00693582 0.849261
1309.01 0.0070584 0.824732
1318.92 0.00719194 0.800028
1328.83 0.00733787 0.775114
1338.74 0.00749785 0.749952
1348.65 0.00767393 0.724498
1358.56 0.00786859 0.698703
1368.47 0.00808487 0.67251
1378.38 0.00832661 0.645854
1388.29 0.00859866 0.618656
1398.2 0.00890728 0.590824
1408.11 0.00926075 0.562246
1418.02 0.0096702 0.532784
1427.93 0.0101511 0.502263
1437.84 0.0107257 0.470459
1447.75 0.0114271 0.437073
1457.66 0.012308 0.40169
1467.57 0.013457 0.363711
1477.48 0.0150398 0.322205
1487.39 0.0174112 0.275585
1497.3 0.0215281 0.220712
1507.21 0.0314513 0.149617
1517.12 0.0879768 0.052976
1527.03 0.177285 0.0260399
1536.94 0.237577 0.019249
1546.85 0.284887 0.015903
1556.76 0.324747 0.0138222
1566.67 0.359616 0.0123679
1576.58 0.390832 0.0112769
1586.49 0.419219 0.0104188
1596.4 0.445328 0.00972058
1606.31 0.469548 0.00913775
1616.22 0.492167 0.00864144
1626.13 0.513407 0.00821201
1636.04 0.533441 0.00783555
1645.95 0.552408 0.00750191
1655.86 0.570423 0.00720349
1665.77 0.58758 0.00693443
1675.68 0.603959 0.00669019
1685.59 0.619629 0.00646715
1695.5 0.634648 0.00626237
1705.41 0.649068 0.00607349
1715.32 0.662934 0.00589853
1725.23 0.676284 0.00573586
1735.14 0.689154 0.00558409
1745.05 0.701576 0.00544205
1754.95 0.713577 0.00530875
1764.86 0.725182 0.00518331
1774.77 0.736416 0.00506501
1784.68 0.747298 0.00495318
1794.59 0.757848 0.00484725
1804.5 0.768084 0.00474673
1814.41 0.77802 0.00465116
1824.32 0.787673 0.00456017
1834.23 0.797056 0.00447339
1844.14 0.806182 0.00439051
1854.05 0.815061 0.00431126
1863.96 0.823706 0.00423537
1873.87 0.832127 0.00416262
1883.78 0.840332 0.00409279
1893.69 0.848332 0.00402571
1903.6 0.856134 0.00396119
1913.51 0.863746 0.00389908
1923.42 0.871175 0.00383923
1933.33 0.87843 0.00378152
1943.24 0.885515 0.00372582
1953.15 0.892438 0.00367202
1963.06 0.899205 0.00362001
1972.97 0.90582 0.00356971
1982.88 0.912289 0.00352101
1992.79 0.918618 0.00347384
2002.7 0.92481 0.00342813
2012.61 0.930871 0.00338379
2022.52 0.936805 0.00334077
2032.43 0.942615 0.003299
2042.34 0.948306 0.00325842
2052.25 0.953882 0.00321898
2062.16 0.959346 0.00318064
2072.07 0.964701 0.00314333
2081.98 0.969952 0.00310702
2091.89 0.9751 0.00307166
2101.8 0.980148 0.00303721
2111.71 0.985101 0.00300365
2121.62 0.98996 0.00297092
2131.53 0.994728 0.002939
2141.44 0.999408 0.00290786
2151.35 1.004 0.00287746
2161.26 1.00851 0.00284778
2171.17 1.01294 0.00281879
2181.08 1.01729 0.00279047
2190.99 1.02156 0.00276279
2200.9 1.02576 0.00273572
2210.81 1.02989 0.00270926
2220.72 1.03394 0.00268337
2230.63 1.03793 0.00265803
2240.54 1.04184 0.00263323
2250.45 1.04569 0.00260896
2260.36 1.04948 0.00258518
2270.27 1.0532 0.00256189
2280.18 1.05686 0.00253907
2290.09 1.06047 0.0025167
2300 1.06401 0.00249478
2309.91 1.0675 0.00247328
2319.82 1.07093 0.0024522
2329.73 1.0743 0.00243152
2339.64 1.07763 0.00241122
2349.55 1.0809 0.00239131
2359.46 1.08412 0.00237176
2369.37 1.08729 0.00235257
2379.28 1.09041 0.00233372
2389.19 1.09349 0.00231522
2399.1 1.09651 0.00229703
2409.01 1.0995 0.00227917
2418.92 1.10243 0.00226161
2428.83 1.10533 0.00224436
2438.74 1.10818 0.0022274
2448.65 1.11099 0.00221072
2458.56 1.11376 0.00219432
2468.47 1.11649 0.00217819
2478.38 1.11918 0.00216232
2488.29 1.12183 0.00214671
2498.2 1.12444 0.00213135
2508.11 1.12702 0.00211623
2518.02 1.12956 0.00210135
2527.93 1.13207 0.00208671
2537.84 1.13454 0.00207228
2547.75 1.13698 0.00205808
2557.66 1.13938 0.0020441
2567.57 1.14175 0.00203032
2577.48 1.14409 0.00201675
2587.39 1.1464 0.00200338
2597.3 1.14867 0.00199021
2607.21 1.15092 0.00197723
2617.12 1.15313 0.00196443
2627.03 1.15532 0.00195182
2636.94 1.15748 0.00193938
2646.85 1.15961 0.00192713
2656.76 1.16171 0.00191504
2666.67 1.16379 0.00190312
2676.58 1.16583 0.00189136
2686.49 1.16786 0.00187976
2696.4 1.16985 0.00186832
2706.31 1.17182 0.00185703
2716.22 1.17377 0.0018459
2726.13 1.17569 0.00183491
2736.04 1.17759 0.00182406
2745.95 1.17947 0.00181336
2755.86 1.18132 0.00180279
2765.77 1.18315 0.00179236
2775.68 1.18495 0.00178206
2785.59 1.18674 0.00177189
2795.5 1.1885 0.00176185
2805.41 1.19024 0.00175193
2815.32 1.19196 0.00174214
2825.23 1.19366 0.00173246
2835.14 1.19534 0.00172291
2845.05 1.197 0.00171347
2854.95 1.19865 0.00170414
2864.86 1.20027 0.00169493
2874.77 1.20187 0.00168582
2884.68 1.20345 0.00167682
2894.59 1.20502 0.00166793
2904.5 1.20657 0.00165914
2914.41 1.2081 0.00165045
2924.32 1.20961 0.00164186
2934.23 1.21111 0.00163337
2944.14 1.21259 0.00162498
2954.05 1.21405 0.00161668
2963.96 1.21549 0.00160847
2973.87 1.21692 0.00160035
2983.78 1.21834 0.00159233
2993.69 1.21973 0.00158439
3003.6 1.22112 0.00157653
3013.51 1.22248 0.00156877
3023.42 1.22384 0.00156108
3033.33 1.22517 0.00155348
3043.24 1.2265 0.00154596
3053.15 1.22781 0.00153852
3063.06 1.2291 0.00153116
3072.97 1.23038 0.00152387
3082.88 1.23165 0.00151666
3092.79 1.23291 0.00150952
3102.7 1.23415 0.00150246
3112.61 1.23537 0.00149547
3122.52 1.23659 0.00148855
3132.43 1.23779 0.0014817
3142.34 1.23898 0.00147492
3152.25 1.24016 0.00146821
3162.16 1.24132 0.00146156
3172.07 1.24248 0.00145498
3181.98 1.24362 0.00144846
3191.89 1.24475 0.00144201
3201.8 1.24587 0.00143562
3211.71 1.24697 0.00142929
3221.62 1.24807 0.00142302
3231.53 1.24915 0.00141681
3241.44 1.25023 0.00141066
3251.35 1.25129 0.00140457
3261.26 1.25234 0.00139853
3271.17 1.25339 0.00139256
3281.08 1.25442 0.00138663
3290.99 1.25544 0.00138076
3300.9 1.25645 0.00137495
3310.81 1.25745 0.00136919
3320.72 1.25844 0.00136348
3330.63 1.25943 0.00135782
3340.54 1.2604 0.00135222
3350.45 1.26136 0.00134666
3360.36 1.26232 0.00134116
3370.27 1.26326 0.0013357
3380.18 1.2642 0.00133029
3390.09 1.26513 0.00132493
3400 1.26605 0.00131961
3409.91 1.26696 0.00131434
3419.82 1.26786 0.00130912
3429.73 1.26875 0.00130394
3439.64 1.26964 0.00129881
3449.55 1.27051 0.00129372
3459.46 1.27138 0.00128867
3469.37 1.27224 0.00128367
3479.28 1.27309 0.0012787
3489.19 1.27394 0.00127378
3499.1 1.27477 0.0012689
3509.01 1.2756 0.00126406
3518.92 1.27643 0.00125926
3528.83 1.27724 0.0012545
3538.74 1.27805 0.00124978
3548.65 1.27885 0.0012451
3558.56 1.27964 0.00124046
3568.47 1.28042 0.00123585
3578.38 1.2812 0.00123128
3588.29 1.28197 0.00122674
3598.2 1.28274 0.00122224
3608.11 1.2835 0.00121778
3618.02 1.28425 0.00121335
3627.93 1.28499 0.00120896
3637.84 1.28573 0.0012046
3647.75 1.28646 0.00120028
3657.66 1.28719 0.00119599
3667.57 1.28791 0.00119173
3677.48 1.28862 0.00118751
3687.39 1.28933 0.00118331
3697.3 1.29003 0.00117915
3707.21 1.29072 0.00117502
3717.12 1.29141 0.00117092
3727.03 1.2921 0.00116686
3736.94 1.29277 0.00116282
3746.85 1.29344 0.00115881
3756.76 1.29411 0.00115483
3766.67 1.29477 0.00115089
3776.58 1.29542 0.00114697
3786.49 1.29607 0.00114308
3796.4 1.29672 0.00113921
3806.31 1.29736 0.00113538
3816.22 1.29799 0.00113157
3826.13 1.29862 0.0011278
3836.04 1.29924 0.00112404
3845.95 1.29986 0.00112032
3855.86 1.30047 0.00111662
3865.77 1.30108 0.00111295
3875.68 1.30168 0.0011093
3885.59 1.30228 0.00110568
3895.5 1.30287 0.00110209
3905.41 1.30346 0.00109852
3915.32 1.30405 0.00109497
3925.23 1.30462 0.00109145
3935.14 1.3052 0.00108795
3945.05 1.30577 0.00108448
3954.95 1.30633 0.00108103
3964.86 1.30689 0.00107761
3974.77 1.30745 0.0010742
3984.68 1.308 0.00107083
3994.59 1.30855 0.00106747
4004.5 1.30909 0.00106414
4014.41 1.30963 0.00106082
4024.32 1.31017 0.00105753
4034.23 1.3107 0.00105427
4044.14 1.31122 0.00105102
4054.05 1.31175 0.0010478
4063.96 1.31227 0.00104459
4073.87 1.31278 0.00104141
4083.78 1.31329 0.00103825
4093.69 1.3138 0.00103511
4103.6 1.3143 0.00103199
4113.51 1.3148 0.00102889
4123.42 1.31529 0.00102581
4133.33 1.31579 0.00102274
4143.24 1.31627 0.0010197
4153.15 1.31676 0.00101668
4163.06 1.31724 0.00101368
4172.97 1.31772 0.00101069
4182.88 1.31819 0.00100773
4192.79 1.31866 0.00100478
4202.7 1.31912 0.00100185
4212.61 1.31959 0.000998942
4222.52 1.32005 0.00099605
4232.43 1.3205 0.000993176
4242.34 1.32096 0.000990319
4252.25 1.32141 0.00098748
4262.16 1.32185 0.000984658
4272.07 1.32229 0.000981853
4281.98 1.32273 0.000979066
4291.89 1.32317 0.000976295
4301.8 1.3236 0.000973541
4311.71 1.32403 0.000970803
4321.62 1.32446 0.000968082
4331.53 1.32489 0.000965377
4341.44 1.32531 0.000962688
4351.35 1.32572 0.000960015
4361.26 1.32614 0.000957358
4371.17 1.32655 0.000954717
4381.08 1.32696 0.000952091
4390.99 1.32737 0.00094948
4400.9 1.32777 0.000946885
4410.81 1.32817 0.000944305
4420.72 1.32857 0.00094174
4430.63 1.32896 0.000939189
4440.54 1.32936 0.000936653
4450.45 1.32975 0.000934132
4460.36 1.33013 0.000931625
4470.27 1.33052 0.000929133
4480.18 1.3309 0.000926654
4490.09 1.33128 0.00092419
4500 1.33165 0.000921739
4509.91 1.33203 0.000919303
4519.82 1.3324 0.00091688
4529.73 1.33277 0.00091447
4539.64 1.33313 0.000912074
4549.55 1.3335 0.000909692
4559.46 1.33386 0.000907322
4569.37 1.33422 0.000904966
4579.28 1.33457 0.000902622
4589.19 1.33493 0.000900292
4599.1 1.33528 0.000897974
4609.01 1.33563 0.000895669
4618.92 1.33597 0.000893376
4628.83 1.33632 0.000891096
4638.74 1.33666 0.000888828
4648.65 1.337 0.000886573
4658.56 1.33734 0.000884329
4668.47 1.33767 0.000882098
4678.38 1.33801 0.000879878
4688.29 1.33834 0.00087767
4698.2 1.33867 0.000875474
4708.11 1.33899 0.00087329
4718.02 1.33932 0.000871117
4727.93 1.33964 0.000868956
4737.84 1.33996 0.000866806
4747.75 1.34028 0.000864667
4757.66 1.34059 0.000862539
4767.57 1.34091 0.000860423
4777.48 1.34122 0.000858317
4787.39 1.34153 0.000856222
4797.3 1.34184 0.000854139
4807.21 1.34214 0.000852065
4817.12 1.34245 0.000850003
4827.03 1.34275 0.000847951
4836.94 1.34305 0.000845909
4846.85 1.34335 0.000843878
4856.76 1.34365 0.000841857
4866.67 1.34394 0.000839847
4876.58 1.34423 0.000837846
4886.49 1.34452 0.000835856
4896.4 1.34481 0.000833875
4906.31 1.3451 0.000831904
4916.22 1.34539 0.000829944
4926.13 1.34567 0.000827993
4936.04 1.34595 0.000826051
4945.95 1.34623 0.00082412
4955.86 1.34651 0.000822197
4965.77 1.34679 0.000820285
4975.68 1.34706 0.000818381
4985.59 1.34733 0.000816487
4995.5 1.34761 0.000814602
5005.41 1.34788 0.000812727
5015.32 1.34814 0.00081086
5025.23 1.34841 0.000809003
5035.14 1.34868 0.000807154
5045.05 1.34894 0.000805314
5054.95 1.3492 0.000803483
5064.86 1.34946 0.000801661
5074.77 1.34972 0.000799848
5084.68 1.34998 0.000798043
5094.59 1.35023 0.000796247
5104.5 1.35049 0.000794459
5114.41 1.35074 0.00079268
5124.32 1.35099 0.000790909
5134.23 1.35124 0.000789147
5144.14 1.35149 0.000787392
5154.05 1.35173 0.000785646
5163.96 1.35198 0.000783908
5173.87 1.35222 0.000782179
5183.78 1.35247 0.000780457
5193.69 1.35271 0.000778743
5203.6 1.35295 0.000777037
5213.51 1.35318 0.000775339
5223.42 1.35342 0.000773648
5233.33 1.35366 0.000771966
5243.24 1.35389 0.000770291
5253.15 1.35412 0.000768624
5263.06 1.35435 0.000766964
5272.97 1.35458 0.000765312
5282.88 1.35481 0.000763667
5292.79 1.35504 0.00076203
5302.7 1.35526 0.0007604
5312.61 1.35549 0.000758777
5322.52 1.35571 0.000757162
5332.43 1.35593 0.000755554
5342.34 1.35615 0.000753953
5352.25 1.35637 0.000752359
5362.16 1.35659 0.000750772
5372.07 1.35681 0.000749193
5381.98 1.35702 0.00074762
5391.89 1.35724 0.000746054
5401.8 1.35745 0.000744495
5411.71 1.35766 0.000742943
5421.62 1.35787 0.000741398
5431.53 1.35808 0.000739859
5441.44 1.35829 0.000738327
5451.35 1.3585 0.000736802
5461.26 1.35871 0.000735283
5471.17 1.35891 0.000733771
5481.08 1.35912 0.000732265
5490.99 1.35932 0.000730766
5500.9 1.35952 0.000729273
5510.81 1.35972 0.000727787
5520.72 1.35992 0.000726307
5530.63 1.36012 0.000724833
5540.54 1.36031 0.000723366
5550.45 1.36051 0.000721904
5560.36 1.36071 0.000720449
5570.27 1.3609 0.000719
5580.18 1.36109 0.000717558
5590.09 1.36128 0.000716121
5600 1.36148 0.00071469
5609.91 1.36167 0.000713265
5619.82 1.36185 0.000711846
5629.73 1.36204 0.000710433
5639.64 1.36223 0.000709026
5649.55 1.36241 0.000707625
5659.46 1.3626 0.000706229
5669.37 1.36278 0.00070484
5679.28 1.36297 0.000703456
5689.19 1.36315 0.000702077
5699.1 1.36333 0.000700705
5709.01 1.36351 0.000699337
5718.92 1.36369 0.000697976
5728.83 1.36386 0.00069662
5738.74 1.36404 0.000695269
5748.65 1.36422 0.000693924
5758.56 1.36439 0.000692585
5768.47 1.36457 0.000691251
5778.38 1.36474 0.000689922
5788.29 1.36491 0.000688598
5798.2 1.36508 0.00068728
5808.11 1.36525 0.000685967
5818.02 1.36542 0.000684659
5827.93 1.36559 0.000683357
5837.84 1.36576 0.000682059
5847.75 1.36593 0.000680767
5857.66 1.36609 0.00067948
5867.57 1.36626 0.000678198
5877.48 1.36642 0.000676921
5887.39 1.36659 0.000675649
5897.3 1.36675 0.000674382
5907.21 1.36691 0.00067312
5917.12 1.36707 0.000671863
5927.03 1.36723 0.000670611
5936.94 1.36739 0.000669363
5946.85 1.36755 0.000668121
5956.76 1.36771 0.000666883
5966.67 1.36786 0.00066565
5976.58 1.36802 0.000664422
5986.49 1.36818 0.000663198
5996.4 1.36833 0.000661979
6006.31 1.36848 0.000660765
6016.22 1.36864 0.000659556
6026.13 1.36879 0.000658351
6036.04 1.36894 0.000657151
6045.95 1.36909 0.000655955
6055.86 1.36924 0.000654764
6065.77 1.36939 0.000653577
6075.68 1.36954 0.000652394
6085.59 1.36969 0.000651217
6095.5 1.36983 0.000650043
6105.41 1.36998 0.000648874
6115.32 1.37013 0.00064771
6125.23 1.37027 0.000646549
6135.14 1.37042 0.000645393
6145.05 1.37056 0.000644242
6154.95 1.3707 0.000643094
6164.86 1.37084 0.000641951
6174.77 1.37098 0.000640812
6184.68 1.37113 0.000639678
6194.59 1.37127 0.000638547
6204.5 1.3714 0.000637421
6214.41 1.37154 0.000636298
6224.32 1.37168 0.00063518
6234.23 1.37182 0.000634066
6244.14 1.37195 0.000632956
6254.05 1.37209 0.00063185
6263.96 1.37223 0.000630748
6273.87 1.37236 0.00062965
6283.78 1.37249 0.000628556
6293.69 1.37263 0.000627466
6303.6 1.37276 0.00062638
6313.51 1.37289 0.000625298
6323.42 1.37302 0.000624219
6333.33 1.37315 0.000623145
6343.24 1.37328 0.000622074
6353.15 1.37341 0.000621007
6363.06 1.37354 0.000619944
6372.97 1.37367 0.000618885
6382.88 1.3738 0.000617829
6392.79 1.37393 0.000616777
6402.7 1.37405 0.000615729
6412.61 1.37418 0.000614685
6422.52 1.3743 0.000613644
6432.43 1.37443 0.000612607
6442.34 1.37455 0.000611574
6452.25 1.37468 0.000610544
6462.16 1.3748 0.000609518
6472.07 1.37492 0.000608495
6481.98 1.37504 0.000607476
6491.89 1.37516 0.00060646
6501.8 1.37528 0.000605448
6511.71 1.3754 0.00060444
6521.62 1.37552 0.000603435
6531.53 1.37564 0.000602433
6541.44 1.37576 0.000601435
6551.35 1.37588 0.00060044
6561.26 1.376 0.000599449
6571.17 1.37611 0.000598461
6581.08 1.37623 0.000597477
6590.99 1.37635 0.000596495
6600.9 1.37646 0.000595517
6610.81 1.37658 0.000594543
6620.72 1.37669 0.000593572
6630.63 1.3768 0.000592604
6640.54 1.37692 0.000591639
6650.45 1.37703 0.000590678
6660.36 1.37714 0.000589719
6670.27 1.37725 0.000588764
6680.18 1.37736 0.000587813
6690.09 1.37747 0.000586864
6700 1.37758 0.000585918
6709.91 1.37769 0.000584976
6719.82 1.3778 0.000584037
6729.73 1.37791 0.000583101
6739.64 1.37802 0.000582168
6749.55 1.37813 0.000581238
6759.46 1.37823 0.000580311
6769.37 1.37834 0.000579388
6779.28 1.37845 0.000578467
6789.19 1.37855 0.000577549
6799.1 1.37866 0.000576635
6809.01 1.37876 0.000575723
6818.92 1.37887 0.000574814
6828.83 1.37897 0.000573909
6838.74 1.37907 0.000573006
6848.65 1.37918 0.000572106
6858.56 1.37928 0.000571209
6868.47 1.37938 0.000570315
6878.38 1.37948 0.000569424
6888.29 1.37958 0.000568536
6898.2 1.37968 0.00056765
6908.11 1.37978 0.000566768
6918.02 1.37988 0.000565888
6927.93 1.37998 0.000565011
6937.84 1.38008 0.000564137
6947.75 1.38018 0.000563266
6957.66 1.38028 0.000562397
6967.57 1.38038 0.000561531
6977.48 1.38047 0.000560668
6987.39 1.38057 0.000559808
6997.3 1.38067 0.000558951
7007.21 1.38076 0.000558096
7017.12 1.38086 0.000557244
7027.03 1.38095 0.000556394
7036.94 1.38105 0.000555547
7046.85 1.38114 0.000554703
7056.76 1.38124 0.000553862
7066.67 1.38133 0.000553023
7076.58 1.38142 0.000552187
7086.49 1.38152 0.000551353
7096.4 1.38161 0.000550522
7106.31 1.3817 0.000549694
7116.22 1.38179 0.000548868
7126.13 1.38188 0.000548045
7136.04 1.38197 0.000547224
7145.95 1.38206 0.000546406
7155.86 1.38215 0.00054559
7165.77 1.38224 0.000544777
7175.68 1.38233 0.000543966
7185.59 1.38242 0.000543158
7195.5 1.38251 0.000542352
7205.41 1.3826 0.000541549
7215.32 1.38269 0.000540748
7225.23 1.38277 0.00053995
7235.14 1.38286 0.000539154
7245.05 1.38295 0.00053836
7254.95 1.38303 0.000537569
7264.86 1.38312 0.00053678
7274.77 1.38321 0.000535994
7284.68 1.38329 0.00053521
7294.59 1.38338 0.000534428
7304.5 1.38346 0.000533649
7314.41 1.38354 0.000532872
7324.32 1.38363 0.000532098
7334.23 1.38371 0.000531325
7344.14 1.3838 0.000530555
7354.05 1.38388 0.000529788
7363.96 1.38396 0.000529022
7373.87 1.38404 0.000528259
7383.78 1.38412 0.000527498
7393.69 1.38421 0.00052674
7403.6 1.38429 0.000525983
7413.51 1.38437 0.000525229
7423.42 1.38445 0.000524477
7433.33 1.38453 0.000523728
7443.24 1.38461 0.00052298
7453.15 1.38469 0.000522235
7463.06 1.38477 0.000521492
7472.97 1.38485 0.000520751
7482.88 1.38492 0.000520012
7492.79 1.385 0.000519276
7502.7 1.38508 0.000518541
7512.61 1.38516 0.000517809
7522.52 1.38524 0.000517079
7532.43 1.38531 0.000516351
7542.34 1.38539 0.000515625
7552.25 1.38547 0.000514901
7562.16 1.38554 0.000514179
7572.07 1.38562 0.000513459
7581.98 1.38569 0.000512742
7591.89 1.38577 0.000512026
7601.8 1.38584 0.000511313
7611.71 1.38592 0.000510601
7621.62 1.38599 0.000509892
7631.53 1.38607 0.000509184
7641.44 1.38614 0.000508479
7651.35 1.38621 0.000507776
7661.26 1.38629 0.000507074
7671.17 1.38636 0.000506375
7681.08 1.38643 0.000505678
7690.99 1.3865 0.000504982
7700.9 1.38658 0.000504289
7710.81 1.38665 0.000503597
7720.72 1.38672 0.000502908
7730.63 1.38679 0.00050222
7740.54 1.38686 0.000501534
7750.45 1.38693 0.000500851
7760.36 1.387 0.000500169
7770.27 1.38707 0.000499489
7780.18 1.38714 0.000498811
7790.09 1.38721 0.000498134
7800 1.38728 0.00049746
7809.91 1.38735 0.000496788
7819.82 1.38742 0.000496117
7829.73 1.38749 0.000495449
7839.64 1.38755 0.000494782
7849.55 1.38762 0.000494117
7859.46 1.38769 0.000493454
7869.37 1.38776 0.000492792
7879.28 1.38782 0.000492133
7889.19 1.38789 0.000491475
7899.1 1.38796 0.000490819
7909.01 1.38802 0.000490165
7918.92 1.38809 0.000489513
7928.83 1.38816 0.000488862
7938.74 1.38822 0.000488213
7948.65 1.38829 0.000487566
7958.56 1.38835 0.000486921
7968.47 1.38842 0.000486278
7978.38 1.38848 0.000485636
7988.29 1.38855 0.000484996
7998.2 1.38861 0.000484358
8008.11 1.38867 0.000483721
8018.02 1.38874 0.000483086
8027.93 1.3888 0.000482453
8037.84 1.38887 0.000481822
8047.75 1.38893 0.000481192
8057.66 1.38899 0.000480564
8067.57 1.38905 0.000479938
8077.48 1.38912 0.000479313
8087.39 1.38918 0.00047869
8097.3 1.38924 0.000478069
8107.21 1.3893 0.000477449
8117.12 1.38936 0.000476831
8127.03 1.38942 0.000476214
8136.94 1.38948 0.0004756
8146.85 1.38954 0.000474986
8156.76 1.38961 0.000474375
8166.67 1.38967 0.000473765
8176.58 1.38973 0.000473157
8186.49 1.38979 0.00047255
8196.4 1.38984 0.000471945
8206.31 1.3899 0.000471341
8216.22 1.38996 0.000470739
8226.13 1.39002 0.000470139
8236.04 1.39008 0.00046954
8245.95 1.39014 0.000468943
8255.86 1.3902 0.000468347
8265.77 1.39026 0.000467753
8275.68 1.39031 0.00046716
8285.59 1.39037 0.000466569
8295.5 1.39043 0.00046598
8305.41 1.39049 0.000465392
8315.32 1.39054 0.000464805
8325.23 1.3906 0.00046422
8335.14 1.39066 0.000463637
8345.05 1.39071 0.000463055
8354.95 1.39077 0.000462474
8364.86 1.39082 0.000461895
8374.77 1.39088 0.000461318
8384.68 1.39094 0.000460742
8394.59 1.39099 0.000460167
8404.5 1.39105 0.000459594
8414.41 1.3911 0.000459022
8424.32 1.39116 0.000458452
8434.23 1.39121 0.000457884
8444.14 1.39127 0.000457316
8454.05 1.39132 0.00045675
8463.96 1.39137 0.000456186
8473.87 1.39143 0.000455623
8483.78 1.39148 0.000455061
8493.69 1.39153 0.000454501
8503.6 1.39159 0.000453943
8513.51 1.39164 0.000453385
8523.42 1.39169 0.000452829
8533.33 1.39175 0.000452275
8543.24 1.3918 0.000451722
8553.15 1.39185 0.00045117
8563.06 1.3919 0.000450619
8572.97 1.39196 0.00045007
8582.88 1.39201 0.000449523
8592.79 1.39206 0.000448976
8602.7 1.39211 0.000448432
8612.61 1.39216 0.000447888
8622.52 1.39221 0.000447346
8632.43 1.39226 0.000446805
8642.34 1.39231 0.000446265
8652.25 1.39236 0.000445727
8662.16 1.39241 0.00044519
8672.07 1.39247 0.000444655
8681.98 1.39252 0.00044412
8691.89 1.39256 0.000443587
8701.8 1.39261 0.000443056
8711.71 1.39266 0.000442525
8721.62 1.39271 0.000441996
8731.53 1.39276 0.000441469
8741.44 1.39281 0.000440942
8751.35 1.39286 0.000440417
8761.26 1.39291 0.000439893
8771.17 1.39296 0.00043937
8781.08 1.39301 0.000438849
8790.99 1.39305 0.000438329
8800.9 1.3931 0.00043781
8810.81 1.39315 0.000437293
8820.72 1.3932 0.000436776
8830.63 1.39324 0.000436261
8840.54 1.39329 0.000435747
8850.45 1.39334 0.000435235
8860.36 1.39339 0.000434723
8870.27 1.39343 0.000434213
8880.18 1.39348 0.000433704
8890.09 1.39353 0.000433197
8900 1.39357 0.00043269
8909.91 1.39362 0.000432185
8919.82 1.39367 0.000431681
8929.73 1.39371 0.000431178
8939.64 1.39376 0.000430676
8949.55 1.3938 0.000430176
8959.46 1.39385 0.000429676
8969.37 1.39389 0.000429178
8979.28 1.39394 0.000428681
8989.19 1.39398 0.000428186
8999.1 1.39403 0.000427691
9009.01 1.39407 0.000427197
9018.92 1.39412 0.000426705
9028.83 1.39416 0.000426214
9038.74 1.39421 0.000425724
9048.65 1.39425 0.000425235
9058.56 1.39429 0.000424748
9068.47 1.39434 0.000424261
9078.38 1.39438 0.000423776
9088.29 1.39443 0.000423292
9098.2 1.39447 0.000422808
9108.11 1.39451 0.000422326
9118.02 1.39456 0.000421846
9127.93 1.3946 0.000421366
9137.84 1.39464 0.000420887
9147.75 1.39468 0.00042041
9157.66 1.39473 0.000419933
9167.57 1.39477 0.000419458
9177.48 1.39481 0.000418984
9187.39 1.39485 0.00041851
9197.3 1.39489 0.000418038
9207.21 1.39494 0.000417567
9217.12 1.39498 0.000417097
9227.03 1.39502 0.000416629
9236.94 1.39506 0.000416161
9246.85 1.3951 0.000415694
9256.76 1.39514 0.000415229
9266.67 1.39519 0.000414764
9276.58 1.39523 0.000414301
9286.49 1.39527 0.000413838
9296.4 1.39531 0.000413377
9306.31 1.39535 0.000412917
9316.22 1.39539 0.000412457
9326.13 1.39543 0.000411999
9336.04 1.39547 0.000411542
9345.95 1.39551 0.000411086
9355.86 1.39555 0.000410631
9365.77 1.39559 0.000410177
9375.68 1.39563 0.000409723
9385.59 1.39567 0.000409271
9395.5 1.39571 0.00040882
9405.41 1.39575 0.00040837
9415.32 1.39579 0.000407921
9425.23 1.39582 0.000407473
9435.14 1.39586 0.000407026
9445.05 1.3959 0.00040658
9454.95 1.39594 0.000406135
9464.86 1.39598 0.000405691
9474.77 1.39602 0.000405248
9484.68 1.39606 0.000404806
9494.59 1.39609 0.000404365
9504.5 1.39613 0.000403925
9514.41 1.39617 0.000403486
9524.32 1.39621 0.000403048
9534.23 1.39624 0.000402611
9544.14 1.39628 0.000402174
9554.05 1.39632 0.000401739
9563.96 1.39636 0.000401305
9573.87 1.39639 0.000400871
9583.78 1.39643 0.000400439
9593.69 1.39647 0.000400008
9603.6 1.39651 0.000399577
9613.51 1.39654 0.000399148
9623.42 1.39658 0.000398719
9633.33 1.39661 0.000398291
9643.24 1.39665 0.000397865
9653.15 1.39669 0.000397439
9663.06 1.39672 0.000397014
9672.97 1.39676 0.00039659
9682.88 1.3968 0.000396167
9692.79 1.39683 0.000395745
9702.7 1.39687 0.000395324
9712.61 1.3969 0.000394904
9722.52 1.39694 0.000394484
9732.43 1.39697 0.000394066
9742.34 1.39701 0.000393648
9752.25 1.39704 0.000393232
9762.16 1.39708 0.000392816
9772.07 1.39711 0.000392401
9781.98 1.39715 0.000391987
9791.89 1.39718 0.000391574
9801.8 1.39722 0.000391162
9811.71 1.39725 0.00039075
9821.62 1.39729 0.00039034
9831.53 1.39732 0.00038993
9841.44 1.39736 0.000389522
9851.35 1.39739 0.000389114
9861.26 1.39742 0.000388707
9871.17 1.39746 0.000388301
9881.08 1.39749 0.000387896
9890.99 1.39753 0.000387491
9900.9 1.39756 0.000387088
9910.81 1.39759 0.000386685
9920.72 1.39763 0.000386283
9930.63 1.39766 0.000385882
9940.54 1.39769 0.000385482
9950.45 1.39773 0.000385083
9960.36 1.39776 0.000384685
9970.27 1.39779 0.000384287
9980.18 1.39782 0.00038389
9990.09 1.39786 0.000383495
10000 1.39789 0.000383099
