   2.9979246e+04   4.0026700e-01   2.2856700e+01
   2.7276177e+04   3.1858300e-01   2.0553700e+01
   2.5020235e+04   2.5960300e-01   1.8686900e+01
   2.3108954e+04   2.1535700e-01   1.7139500e+01
   2.1468953e+04   1.8112100e-01   1.5834000e+01
   2.0046303e+04   1.5393300e-01   1.4716400e+01
   1.8800598e+04   1.3184800e-01   1.3747900e+01
   1.7700551e+04   1.1354500e-01   1.2899900e+01
   1.6722118e+04   9.8098000e-02   1.2150700e+01
   1.5846189e+04   8.4841200e-02   1.1483700e+01
   1.5057457e+04   7.3289500e-02   1.0885700e+01
   1.4343519e+04   6.3085600e-02   1.0346200e+01
   1.3694218e+04   5.3967700e-02   9.8568300e+00
   1.3101157e+04   4.5748000e-02   9.4106800e+00
   1.2557331e+04   3.8299100e-02   9.0020600e+00
   1.2056854e+04   3.1543000e-02   8.6262200e+00
   1.1594741e+04   2.5443000e-02   8.2791900e+00
   1.1166786e+04   1.9993200e-02   7.9576300e+00
   1.0769258e+04   1.5207800e-02   7.6587200e+00
   1.0399061e+04   1.1107700e-02   7.3800700e+00
   1.0053470e+04   7.7063900e-03   7.1196600e+00
   9.7301095e+03   4.9989300e-03   6.8757600e+00
   9.4269022e+03   2.9546300e-03   6.6468800e+00
   9.1420207e+03   1.5163800e-03   6.4317200e+00
   8.8738525e+03   6.0560400e-04   6.2291500e+00
   8.6209686e+03   1.3104200e-04   6.0381400e+00
   8.3820985e+03   1.5777000e-06  -5.8577500e+00
   8.1561087e+03   1.1881000e-04   5.6871500e+00
   7.9420060e+03   4.1425000e-04   5.5255500e+00
   7.7388363e+03   8.2051800e-04   5.3722600e+00
   7.5458022e+03   1.2875100e-03   5.2266400e+00
   7.3621637e+03   1.7780600e-03   5.0880900e+00
   7.1872510e+03   2.2659700e-03   4.9561000e+00
   7.0204567e+03   2.7338000e-03   4.8301700e+00
   6.8612285e+03   3.1707800e-03   4.7098800e+00
   6.7090628e+03   3.5710100e-03   4.5948200e+00
   6.5635000e+03   3.9320500e-03   4.4846400e+00
   6.4241195e+03   4.2537500e-03   4.3790100e+00
   6.2905356e+03   4.5374900e-03   4.2776400e+00
   6.1624067e+03   4.7855300e-03   4.1802400e+00
   6.0393810e+03   5.0006400e-03   4.0865800e+00
   5.9211713e+03   5.1857600e-03   3.9964100e+00
   5.8075003e+03   5.3438800e-03   3.9095400e+00
   5.6981114e+03   5.4778800e-03   3.8257800e+00
   5.5927672e+03   5.5904700e-03   3.7449300e+00
   5.4912474e+03   5.6841600e-03   3.6668400e+00
   5.3933475e+03   5.7612400e-03   3.5913600e+00
   5.2988772e+03   5.8237700e-03   3.5183400e+00
   5.2076595e+03   5.8736100e-03   3.4476600e+00
   5.1195291e+03   5.9124100e-03   3.3791800e+00
   5.0343405e+03   5.9416300e-03   3.3128000e+00
   4.9519323e+03   5.9626000e-03   3.2484200e+00
   4.8721786e+03   5.9764400e-03   3.1859200e+00
   4.7949531e+03   5.9841700e-03   3.1252300e+00
   4.7201376e+03   5.9866900e-03   3.0662400e+00
   4.6476208e+03   5.9847900e-03   3.0088900e+00
   4.5772986e+03   5.9791500e-03   2.9530900e+00
   4.5090726e+03   5.9703700e-03   2.8987700e+00
   4.4428507e+03   5.9590000e-03   2.8458700e+00
   4.3785457e+03   5.9455000e-03   2.7943100e+00
   4.3160757e+03   5.9302800e-03   2.7440500e+00
   4.2553631e+03   5.9137000e-03   2.6950200e+00
   4.1963407e+03   5.8960800e-03   2.6471700e+00
   4.1389276e+03   5.8777000e-03   2.6004500e+00
   4.0830642e+03   5.8588100e-03   2.5548000e+00
   4.0286888e+03   5.8396200e-03   2.5102000e+00
   3.9757426e+03   5.8203200e-03   2.4665800e+00
   3.9241700e+03   5.8010700e-03   2.4239100e+00
   3.8739182e+03   5.7820400e-03   2.3821600e+00
   3.8249372e+03   5.7633400e-03   2.3412800e+00
   3.7771793e+03   5.7450900e-03   2.3012300e+00
   3.7305994e+03   5.7274000e-03   2.2620000e+00
   3.6851543e+03   5.7103600e-03   2.2235300e+00
   3.6408074e+03   5.6940500e-03   2.1858100e+00
   3.5975109e+03   5.6785300e-03   2.1488000e+00
   3.5552321e+03   5.6638900e-03   2.1124700e+00
   3.5139355e+03   5.6501700e-03   2.0768100e+00
   3.4735872e+03   5.6374200e-03   2.0417700e+00
   3.4341550e+03   5.6257100e-03   2.0073400e+00
   3.3956080e+03   5.6150800e-03   1.9735000e+00
   3.3579168e+03   5.6055600e-03   1.9402200e+00
   3.3210531e+03   5.5972000e-03   1.9074700e+00
   3.2849900e+03   5.5900400e-03   1.8752500e+00
   3.2497017e+03   5.5841200e-03   1.8435200e+00
   3.2151670e+03   5.5794600e-03   1.8122700e+00
   3.1813552e+03   5.5761100e-03   1.7814800e+00
   3.1482471e+03   5.5741100e-03   1.7511300e+00
   3.1158210e+03   5.5734900e-03   1.7212100e+00
   3.0840561e+03   5.5742800e-03   1.6916900e+00
   3.0529323e+03   5.5765300e-03   1.6625600e+00
   3.0224304e+03   5.5802800e-03   1.6338000e+00
   2.9925380e+03   5.5855700e-03   1.6054000e+00
   2.9632252e+03   5.5924400e-03   1.5773500e+00
   2.9344811e+03   5.6009500e-03   1.5496200e+00
   2.9062893e+03   5.6111400e-03   1.5222000e+00
   2.8786340e+03   5.6230700e-03   1.4950800e+00
   2.8515001e+03   5.6367900e-03   1.4682500e+00
   2.8248729e+03   5.6523800e-03   1.4416900e+00
   2.7987384e+03   5.6699000e-03   1.4153800e+00
   2.7730830e+03   5.6894300e-03   1.3893100e+00
   2.7478937e+03   5.7110500e-03   1.3634800e+00
   2.7231579e+03   5.7348500e-03   1.3378600e+00
   2.6988635e+03   5.7609200e-03   1.3124500e+00
   2.6749987e+03   5.7893800e-03   1.2872200e+00
   2.6515523e+03   5.8203300e-03   1.2621700e+00
   2.6285133e+03   5.8539200e-03   1.2372900e+00
   2.6058713e+03   5.8902800e-03   1.2125500e+00
   2.5836159e+03   5.9295800e-03   1.1879500e+00
   2.5617375e+03   5.9719800e-03   1.1634700e+00
   2.5402266e+03   6.0176700e-03   1.1391000e+00
   2.5190738e+03   6.0668800e-03   1.1148300e+00
   2.4982705e+03   6.1198400e-03   1.0906300e+00
   2.4778079e+03   6.1768200e-03   1.0665000e+00
   2.4576778e+03   6.2381200e-03   1.0424100e+00
   2.4378722e+03   6.3040800e-03   1.0183600e+00
   2.4183832e+03   6.3750700e-03   9.9431700e-01
   2.3992034e+03   6.4515400e-03   9.7027300e-01
   2.3803254e+03   6.5339600e-03   9.4620500e-01
   2.3617421e+03   6.6229000e-03   9.2209300e-01
   2.3434468e+03   6.7190100e-03   8.9791400e-01
   2.3254327e+03   6.8230300e-03   8.7364600e-01
   2.3076935e+03   6.9358200e-03   8.4926100e-01
   2.2902228e+03   7.0584000e-03   8.2473200e-01
   2.2730147e+03   7.1919400e-03   8.0002800e-01
   2.2560633e+03   7.3378700e-03   7.7511400e-01
   2.2393628e+03   7.4978500e-03   7.4995200e-01
   2.2229078e+03   7.6739300e-03   7.2449800e-01
   2.2066928e+03   7.8685900e-03   6.9870300e-01
   2.1907127e+03   8.0848700e-03   6.7251000e-01
   2.1749623e+03   8.3266100e-03   6.4585400e-01
   2.1594368e+03   8.5986600e-03   6.1865600e-01
   2.1441314e+03   8.9072800e-03   5.9082400e-01
   2.1290415e+03   9.2607500e-03   5.6224600e-01
   2.1141624e+03   9.6702000e-03   5.3278400e-01
   2.0994899e+03   1.0151100e-02   5.0226300e-01
   2.0850196e+03   1.0725700e-02   4.7045900e-01
   2.0707474e+03   1.1427100e-02   4.3707300e-01
   2.0566693e+03   1.2308000e-02   4.0169000e-01
   2.0427813e+03   1.3457000e-02   3.6371100e-01
   2.0290796e+03   1.5039800e-02   3.2220500e-01
   2.0155605e+03   1.7411200e-02   2.7558500e-01
   2.0022204e+03   2.1528100e-02   2.2071200e-01
   1.9890557e+03   3.1451300e-02   1.4961700e-01
   1.9760629e+03   8.7976800e-02   5.2976000e-02
   1.9632388e+03   1.7728500e-01   2.6039900e-02
   1.9505801e+03   2.3757700e-01   1.9249000e-02
   1.9380836e+03   2.8488700e-01   1.5903000e-02
   1.9257462e+03   3.2474700e-01   1.3822200e-02
   1.9135648e+03   3.5961600e-01   1.2367900e-02
   1.9015366e+03   3.9083200e-01   1.1276900e-02
   1.8896587e+03   4.1921900e-01   1.0418800e-02
   1.8779282e+03   4.4532800e-01   9.7205800e-03
   1.8663425e+03   4.6954800e-01   9.1377500e-03
   1.8548988e+03   4.9216700e-01   8.6414400e-03
   1.8435947e+03   5.1340700e-01   8.2120100e-03
   1.8324274e+03   5.3344100e-01   7.8355500e-03
   1.8213947e+03   5.5240800e-01   7.5019100e-03
   1.8104940e+03   5.7042300e-01   7.2034900e-03
   1.7997230e+03   5.8758000e-01   6.9344300e-03
   1.7890794e+03   6.0395900e-01   6.6901900e-03
   1.7785610e+03   6.1962900e-01   6.4671500e-03
   1.7681655e+03   6.3464800e-01   6.2623700e-03
   1.7578908e+03   6.4906800e-01   6.0734900e-03
   1.7477349e+03   6.6293400e-01   5.8985300e-03
   1.7376956e+03   6.7628400e-01   5.7358600e-03
   1.7277710e+03   6.8915400e-01   5.5840900e-03
   1.7179591e+03   7.0157600e-01   5.4420500e-03
   1.7082678e+03   7.1357700e-01   5.3087500e-03
   1.6986756e+03   7.2518200e-01   5.1833100e-03
   1.6891905e+03   7.3641600e-01   5.0650100e-03
   1.6798107e+03   7.4729800e-01   4.9531800e-03
   1.6705345e+03   7.5784800e-01   4.8472500e-03
   1.6613603e+03   7.6808400e-01   4.7467300e-03
   1.6522862e+03   7.7802000e-01   4.6511600e-03
   1.6433107e+03   7.8767300e-01   4.5601700e-03
   1.6344322e+03   7.9705600e-01   4.4733900e-03
   1.6256491e+03   8.0618200e-01   4.3905100e-03
   1.6169599e+03   8.1506100e-01   4.3112600e-03
   1.6083632e+03   8.2370600e-01   4.2353700e-03
   1.5998573e+03   8.3212700e-01   4.1626200e-03
   1.5914409e+03   8.4033200e-01   4.0927900e-03
   1.5831126e+03   8.4833200e-01   4.0257100e-03
   1.5748711e+03   8.5613400e-01   3.9611900e-03
   1.5667149e+03   8.6374600e-01   3.8990800e-03
   1.5586427e+03   8.7117500e-01   3.8392300e-03
   1.5506533e+03   8.7843000e-01   3.7815200e-03
   1.5427454e+03   8.8551500e-01   3.7258200e-03
   1.5349177e+03   8.9243800e-01   3.6720200e-03
   1.5271691e+03   8.9920500e-01   3.6200100e-03
   1.5194983e+03   9.0582000e-01   3.5697100e-03
   1.5119042e+03   9.1228900e-01   3.5210100e-03
   1.5043856e+03   9.1861800e-01   3.4738400e-03
   1.4969414e+03   9.2481000e-01   3.4281300e-03
   1.4895705e+03   9.3087100e-01   3.3837900e-03
   1.4822719e+03   9.3680500e-01   3.3407700e-03
   1.4750444e+03   9.4261500e-01   3.2990000e-03
   1.4678871e+03   9.4830600e-01   3.2584200e-03
   1.4607989e+03   9.5388200e-01   3.2189800e-03
   1.4537788e+03   9.5934600e-01   3.1806400e-03
   1.4468259e+03   9.6470100e-01   3.1433300e-03
   1.4399392e+03   9.6995200e-01   3.1070200e-03
   1.4331177e+03   9.7510000e-01   3.0716600e-03
   1.4263605e+03   9.8014800e-01   3.0372100e-03
   1.4196668e+03   9.8510100e-01   3.0036500e-03
   1.4130356e+03   9.8996000e-01   2.9709200e-03
   1.4064661e+03   9.9472800e-01   2.9390000e-03
   1.3999573e+03   9.9940800e-01   2.9078600e-03
   1.3935085e+03   1.0040000e+00   2.8774600e-03
   1.3871189e+03   1.0085100e+00   2.8477800e-03
   1.3807876e+03   1.0129400e+00   2.8187900e-03
   1.3745138e+03   1.0172900e+00   2.7904700e-03
   1.3682968e+03   1.0215600e+00   2.7627900e-03
   1.3621358e+03   1.0257600e+00   2.7357200e-03
   1.3560300e+03   1.0298900e+00   2.7092600e-03
   1.3499786e+03   1.0339400e+00   2.6833700e-03
   1.3439811e+03   1.0379300e+00   2.6580300e-03
   1.3380366e+03   1.0418400e+00   2.6332300e-03
   1.3321445e+03   1.0456900e+00   2.6089600e-03
   1.3263040e+03   1.0494800e+00   2.5851800e-03
   1.3205146e+03   1.0532000e+00   2.5618900e-03
   1.3147754e+03   1.0568600e+00   2.5390700e-03
   1.3090859e+03   1.0604700e+00   2.5167000e-03
   1.3034455e+03   1.0640100e+00   2.4947800e-03
   1.2978534e+03   1.0675000e+00   2.4732800e-03
   1.2923091e+03   1.0709300e+00   2.4522000e-03
   1.2868120e+03   1.0743000e+00   2.4315200e-03
   1.2813615e+03   1.0776300e+00   2.4112200e-03
   1.2759569e+03   1.0809000e+00   2.3913100e-03
   1.2705978e+03   1.0841200e+00   2.3717600e-03
   1.2652834e+03   1.0872900e+00   2.3525700e-03
   1.2600134e+03   1.0904100e+00   2.3337200e-03
   1.2547870e+03   1.0934900e+00   2.3152200e-03
   1.2496038e+03   1.0965100e+00   2.2970300e-03
   1.2444633e+03   1.0995000e+00   2.2791700e-03
   1.2393649e+03   1.1024300e+00   2.2616100e-03
   1.2343081e+03   1.1053300e+00   2.2443600e-03
   1.2292924e+03   1.1081800e+00   2.2274000e-03
   1.2243173e+03   1.1109900e+00   2.2107200e-03
   1.2193823e+03   1.1137600e+00   2.1943200e-03
   1.2144869e+03   1.1164900e+00   2.1781900e-03
   1.2096307e+03   1.1191800e+00   2.1623200e-03
   1.2048132e+03   1.1218300e+00   2.1467100e-03
   1.2000339e+03   1.1244400e+00   2.1313500e-03
   1.1952923e+03   1.1270200e+00   2.1162300e-03
   1.1905881e+03   1.1295600e+00   2.1013500e-03
   1.1859207e+03   1.1320700e+00   2.0867100e-03
   1.1812898e+03   1.1345400e+00   2.0722800e-03
   1.1766950e+03   1.1369800e+00   2.0580800e-03
   1.1721357e+03   1.1393800e+00   2.0441000e-03
   1.1676116e+03   1.1417500e+00   2.0303200e-03
   1.1631223e+03   1.1440900e+00   2.0167500e-03
   1.1586675e+03   1.1464000e+00   2.0033800e-03
   1.1542466e+03   1.1486700e+00   1.9902100e-03
   1.1498593e+03   1.1509200e+00   1.9772300e-03
   1.1455052e+03   1.1531300e+00   1.9644300e-03
   1.1411840e+03   1.1553200e+00   1.9518200e-03
   1.1368953e+03   1.1574800e+00   1.9393800e-03
   1.1326386e+03   1.1596100e+00   1.9271300e-03
   1.1284138e+03   1.1617100e+00   1.9150400e-03
   1.1242203e+03   1.1637900e+00   1.9031200e-03
   1.1200579e+03   1.1658300e+00   1.8913600e-03
   1.1159262e+03   1.1678600e+00   1.8797600e-03
   1.1118249e+03   1.1698500e+00   1.8683200e-03
   1.1077536e+03   1.1718200e+00   1.8570300e-03
   1.1037120e+03   1.1737700e+00   1.8459000e-03
   1.0996998e+03   1.1756900e+00   1.8349100e-03
   1.0957166e+03   1.1775900e+00   1.8240600e-03
   1.0917623e+03   1.1794700e+00   1.8133600e-03
   1.0878363e+03   1.1813200e+00   1.8027900e-03
   1.0839385e+03   1.1831500e+00   1.7923600e-03
   1.0800685e+03   1.1849500e+00   1.7820600e-03
   1.0762261e+03   1.1867400e+00   1.7718900e-03
   1.0724109e+03   1.1885000e+00   1.7618500e-03
   1.0686226e+03   1.1902400e+00   1.7519300e-03
   1.0648610e+03   1.1919600e+00   1.7421400e-03
   1.0611258e+03   1.1936600e+00   1.7324600e-03
   1.0574168e+03   1.1953400e+00   1.7229100e-03
   1.0537335e+03   1.1970000e+00   1.7134700e-03
   1.0500795e+03   1.1986500e+00   1.7041400e-03
   1.0464471e+03   1.2002700e+00   1.6949300e-03
   1.0428398e+03   1.2018700e+00   1.6858200e-03
   1.0392572e+03   1.2034500e+00   1.6768200e-03
   1.0356992e+03   1.2050200e+00   1.6679300e-03
   1.0321655e+03   1.2065700e+00   1.6591400e-03
   1.0286557e+03   1.2081000e+00   1.6504500e-03
   1.0251698e+03   1.2096100e+00   1.6418600e-03
   1.0217074e+03   1.2111100e+00   1.6333700e-03
   1.0182684e+03   1.2125900e+00   1.6249800e-03
   1.0148523e+03   1.2140500e+00   1.6166800e-03
   1.0114592e+03   1.2154900e+00   1.6084700e-03
   1.0080886e+03   1.2169200e+00   1.6003500e-03
   1.0047405e+03   1.2183400e+00   1.5923300e-03
   1.0014145e+03   1.2197300e+00   1.5843900e-03
   9.9811046e+02   1.2211200e+00   1.5765300e-03
   9.9482815e+02   1.2224800e+00   1.5687700e-03
   9.9156736e+02   1.2238400e+00   1.5610800e-03
   9.8832787e+02   1.2251700e+00   1.5534800e-03
   9.8510948e+02   1.2265000e+00   1.5459600e-03
   9.8191199e+02   1.2278100e+00   1.5385200e-03
   9.7873518e+02   1.2291000e+00   1.5311600e-03
   9.7557886e+02   1.2303800e+00   1.5238700e-03
   9.7244284e+02   1.2316500e+00   1.5166600e-03
   9.6932691e+02   1.2329100e+00   1.5095200e-03
   9.6623089e+02   1.2341500e+00   1.5024600e-03
   9.6315458e+02   1.2353700e+00   1.4954700e-03
   9.6009780e+02   1.2365900e+00   1.4885500e-03
   9.5706036e+02   1.2377900e+00   1.4817000e-03
   9.5404208e+02   1.2389800e+00   1.4749200e-03
   9.5104277e+02   1.2401600e+00   1.4682100e-03
   9.4806227e+02   1.2413200e+00   1.4615600e-03
   9.4510039e+02   1.2424800e+00   1.4549800e-03
   9.4215695e+02   1.2436200e+00   1.4484600e-03
   9.3923180e+02   1.2447500e+00   1.4420100e-03
   9.3632475e+02   1.2458700e+00   1.4356200e-03
   9.3343564e+02   1.2469700e+00   1.4292900e-03
   9.3056431e+02   1.2480700e+00   1.4230200e-03
   9.2771058e+02   1.2491500e+00   1.4168100e-03
   9.2487431e+02   1.2502300e+00   1.4106600e-03
   9.2205532e+02   1.2512900e+00   1.4045700e-03
   9.1925347e+02   1.2523400e+00   1.3985300e-03
   9.1646860e+02   1.2533900e+00   1.3925600e-03
   9.1370054e+02   1.2544200e+00   1.3866300e-03
   9.1094916e+02   1.2554400e+00   1.3807600e-03
   9.0821430e+02   1.2564500e+00   1.3749500e-03
   9.0549581e+02   1.2574500e+00   1.3691900e-03
   9.0279354e+02   1.2584400e+00   1.3634800e-03
   9.0010736e+02   1.2594300e+00   1.3578200e-03
   8.9743711e+02   1.2604000e+00   1.3522200e-03
   8.9478267e+02   1.2613600e+00   1.3466600e-03
   8.9214387e+02   1.2623200e+00   1.3411600e-03
   8.8952060e+02   1.2632600e+00   1.3357000e-03
   8.8691270e+02   1.2642000e+00   1.3302900e-03
   8.8432006e+02   1.2651300e+00   1.3249300e-03
   8.8174252e+02   1.2660500e+00   1.3196100e-03
   8.7917997e+02   1.2669600e+00   1.3143400e-03
   8.7663227e+02   1.2678600e+00   1.3091200e-03
   8.7409930e+02   1.2687500e+00   1.3039400e-03
   8.7158092e+02   1.2696400e+00   1.2988100e-03
   8.6907700e+02   1.2705100e+00   1.2937200e-03
   8.6658744e+02   1.2713800e+00   1.2886700e-03
   8.6411210e+02   1.2722400e+00   1.2836700e-03
   8.6165085e+02   1.2730900e+00   1.2787000e-03
   8.5920359e+02   1.2739400e+00   1.2737800e-03
   8.5677019e+02   1.2747700e+00   1.2689000e-03
   8.5435054e+02   1.2756000e+00   1.2640600e-03
   8.5194451e+02   1.2764300e+00   1.2592600e-03
   8.4955200e+02   1.2772400e+00   1.2545000e-03
   8.4717289e+02   1.2780500e+00   1.2497800e-03
   8.4480706e+02   1.2788500e+00   1.2451000e-03
   8.4245441e+02   1.2796400e+00   1.2404600e-03
   8.4011483e+02   1.2804200e+00   1.2358500e-03
   8.3778821e+02   1.2812000e+00   1.2312800e-03
   8.3547444e+02   1.2819700e+00   1.2267400e-03
   8.3317341e+02   1.2827400e+00   1.2222400e-03
   8.3088503e+02   1.2835000e+00   1.2177800e-03
   8.2860918e+02   1.2842500e+00   1.2133500e-03
   8.2634576e+02   1.2849900e+00   1.2089600e-03
   8.2409468e+02   1.2857300e+00   1.2046000e-03
   8.2185582e+02   1.2864600e+00   1.2002800e-03
   8.1962910e+02   1.2871900e+00   1.1959900e-03
   8.1741441e+02   1.2879100e+00   1.1917300e-03
   8.1521166e+02   1.2886200e+00   1.1875100e-03
   8.1302075e+02   1.2893300e+00   1.1833100e-03
   8.1084158e+02   1.2900300e+00   1.1791500e-03
   8.0867406e+02   1.2907200e+00   1.1750200e-03
   8.0651811e+02   1.2914100e+00   1.1709200e-03
   8.0437361e+02   1.2921000e+00   1.1668600e-03
   8.0224049e+02   1.2927700e+00   1.1628200e-03
   8.0011865e+02   1.2934400e+00   1.1588100e-03
   7.9800801e+02   1.2941100e+00   1.1548300e-03
   7.9590848e+02   1.2947700e+00   1.1508900e-03
   7.9381996e+02   1.2954200e+00   1.1469700e-03
   7.9174237e+02   1.2960700e+00   1.1430800e-03
   7.8967563e+02   1.2967200e+00   1.1392100e-03
   7.8761966e+02   1.2973600e+00   1.1353800e-03
   7.8557436e+02   1.2979900e+00   1.1315700e-03
   7.8353965e+02   1.2986200e+00   1.1278000e-03
   7.8151546e+02   1.2992400e+00   1.1240400e-03
   7.7950170e+02   1.2998600e+00   1.1203200e-03
   7.7749830e+02   1.3004700e+00   1.1166200e-03
   7.7550516e+02   1.3010800e+00   1.1129500e-03
   7.7352222e+02   1.3016800e+00   1.1093000e-03
   7.7154939e+02   1.3022800e+00   1.1056800e-03
   7.6958659e+02   1.3028700e+00   1.1020900e-03
   7.6763376e+02   1.3034600e+00   1.0985200e-03
   7.6569082e+02   1.3040500e+00   1.0949700e-03
   7.6375769e+02   1.3046200e+00   1.0914500e-03
   7.6183429e+02   1.3052000e+00   1.0879500e-03
   7.5992055e+02   1.3057700e+00   1.0844800e-03
   7.5801833e+02   1.3063300e+00   1.0810300e-03
   7.5612369e+02   1.3068900e+00   1.0776100e-03
   7.5423850e+02   1.3074500e+00   1.0742000e-03
   7.5236269e+02   1.3080000e+00   1.0708300e-03
   7.5049619e+02   1.3085500e+00   1.0674700e-03
   7.4863893e+02   1.3090900e+00   1.0641400e-03
   7.4679083e+02   1.3096300e+00   1.0608200e-03
   7.4495184e+02   1.3101700e+00   1.0575300e-03
   7.4312188e+02   1.3107000e+00   1.0542700e-03
   7.4130089e+02   1.3112200e+00   1.0510200e-03
   7.3948880e+02   1.3117500e+00   1.0478000e-03
   7.3768555e+02   1.3122700e+00   1.0445900e-03
   7.3589108e+02   1.3127800e+00   1.0414100e-03
   7.3410531e+02   1.3132900e+00   1.0382500e-03
   7.3232819e+02   1.3138000e+00   1.0351100e-03
   7.3055965e+02   1.3143000e+00   1.0319900e-03
   7.2879963e+02   1.3148000e+00   1.0288900e-03
   7.2704808e+02   1.3152900e+00   1.0258100e-03
   7.2530492e+02   1.3157900e+00   1.0227400e-03
   7.2357010e+02   1.3162700e+00   1.0197000e-03
   7.2184356e+02   1.3167600e+00   1.0166800e-03
   7.2012524e+02   1.3172400e+00   1.0136800e-03
   7.1841508e+02   1.3177200e+00   1.0106900e-03
   7.1671303e+02   1.3181900e+00   1.0077300e-03
   7.1501902e+02   1.3186600e+00   1.0047800e-03
   7.1333300e+02   1.3191200e+00   1.0018500e-03
   7.1165491e+02   1.3195900e+00   9.9894200e-04
   7.0998470e+02   1.3200500e+00   9.9605000e-04
   7.0832231e+02   1.3205000e+00   9.9317600e-04
   7.0666768e+02   1.3209600e+00   9.9031900e-04
   7.0502077e+02   1.3214100e+00   9.8748000e-04
   7.0338152e+02   1.3218500e+00   9.8465800e-04
   7.0174987e+02   1.3222900e+00   9.8185300e-04
   7.0012578e+02   1.3227300e+00   9.7906600e-04
   6.9850918e+02   1.3231700e+00   9.7629500e-04
   6.9690004e+02   1.3236000e+00   9.7354100e-04
   6.9529829e+02   1.3240300e+00   9.7080300e-04
   6.9370388e+02   1.3244600e+00   9.6808200e-04
   6.9211678e+02   1.3248900e+00   9.6537700e-04
   6.9053691e+02   1.3253100e+00   9.6268800e-04
   6.8896425e+02   1.3257200e+00   9.6001500e-04
   6.8739873e+02   1.3261400e+00   9.5735800e-04
   6.8584031e+02   1.3265500e+00   9.5471700e-04
   6.8428894e+02   1.3269600e+00   9.5209100e-04
   6.8274457e+02   1.3273700e+00   9.4948000e-04
   6.8120716e+02   1.3277700e+00   9.4688500e-04
   6.7967665e+02   1.3281700e+00   9.4430500e-04
   6.7815301e+02   1.3285700e+00   9.4174000e-04
   6.7663618e+02   1.3289600e+00   9.3918900e-04
   6.7512613e+02   1.3293600e+00   9.3665300e-04
   6.7362280e+02   1.3297500e+00   9.3413200e-04
   6.7212615e+02   1.3301300e+00   9.3162500e-04
   6.7063613e+02   1.3305200e+00   9.2913300e-04
   6.6915271e+02   1.3309000e+00   9.2665400e-04
   6.6767583e+02   1.3312800e+00   9.2419000e-04
   6.6620546e+02   1.3316500e+00   9.2173900e-04
   6.6474155e+02   1.3320300e+00   9.1930300e-04
   6.6328406e+02   1.3324000e+00   9.1688000e-04
   6.6183295e+02   1.3327700e+00   9.1447000e-04
   6.6038818e+02   1.3331300e+00   9.1207400e-04
   6.5894969e+02   1.3335000e+00   9.0969200e-04
   6.5751746e+02   1.3338600e+00   9.0732200e-04
   6.5609145e+02   1.3342200e+00   9.0496600e-04
   6.5467160e+02   1.3345700e+00   9.0262200e-04
   6.5325789e+02   1.3349300e+00   9.0029200e-04
   6.5185027e+02   1.3352800e+00   8.9797400e-04
   6.5044870e+02   1.3356300e+00   8.9566900e-04
   6.4905315e+02   1.3359700e+00   8.9337600e-04
   6.4766357e+02   1.3363200e+00   8.9109600e-04
   6.4627993e+02   1.3366600e+00   8.8882800e-04
   6.4490219e+02   1.3370000e+00   8.8657300e-04
   6.4353031e+02   1.3373400e+00   8.8432900e-04
   6.4216426e+02   1.3376700e+00   8.8209800e-04
   6.4080399e+02   1.3380100e+00   8.7987800e-04
   6.3944948e+02   1.3383400e+00   8.7767000e-04
   6.3810067e+02   1.3386700e+00   8.7547400e-04
   6.3675755e+02   1.3389900e+00   8.7329000e-04
   6.3542007e+02   1.3393200e+00   8.7111700e-04
   6.3408819e+02   1.3396400e+00   8.6895600e-04
   6.3276189e+02   1.3399600e+00   8.6680600e-04
   6.3144112e+02   1.3402800e+00   8.6466700e-04
   6.3012586e+02   1.3405900e+00   8.6253900e-04
   6.2881606e+02   1.3409100e+00   8.6042300e-04
   6.2751170e+02   1.3412200e+00   8.5831700e-04
   6.2621273e+02   1.3415300e+00   8.5622200e-04
   6.2491914e+02   1.3418400e+00   8.5413900e-04
   6.2363088e+02   1.3421400e+00   8.5206500e-04
   6.2234791e+02   1.3424500e+00   8.5000300e-04
   6.2107022e+02   1.3427500e+00   8.4795100e-04
   6.1979776e+02   1.3430500e+00   8.4590900e-04
   6.1853051e+02   1.3433500e+00   8.4387800e-04
   6.1726842e+02   1.3436500e+00   8.4185700e-04
   6.1601148e+02   1.3439400e+00   8.3984700e-04
   6.1475964e+02   1.3442300e+00   8.3784600e-04
   6.1351289e+02   1.3445200e+00   8.3585600e-04
   6.1227117e+02   1.3448100e+00   8.3387500e-04
   6.1103448e+02   1.3451000e+00   8.3190400e-04
   6.0980277e+02   1.3453900e+00   8.2994400e-04
   6.0857602e+02   1.3456700e+00   8.2799300e-04
   6.0735419e+02   1.3459500e+00   8.2605100e-04
   6.0613726e+02   1.3462300e+00   8.2412000e-04
   6.0492520e+02   1.3465100e+00   8.2219700e-04
   6.0371797e+02   1.3467900e+00   8.2028500e-04
   6.0251555e+02   1.3470600e+00   8.1838100e-04
   6.0131791e+02   1.3473300e+00   8.1648700e-04
   6.0012503e+02   1.3476100e+00   8.1460200e-04
   5.9893687e+02   1.3478800e+00   8.1272700e-04
   5.9775340e+02   1.3481400e+00   8.1086000e-04
   5.9657460e+02   1.3484100e+00   8.0900300e-04
   5.9540044e+02   1.3486800e+00   8.0715400e-04
   5.9423090e+02   1.3489400e+00   8.0531400e-04
   5.9306711e+02   1.3492000e+00   8.0348300e-04
   5.9190670e+02   1.3494600e+00   8.0166100e-04
   5.9075083e+02   1.3497200e+00   7.9984800e-04
   5.8959946e+02   1.3499800e+00   7.9804300e-04
   5.8845257e+02   1.3502300e+00   7.9624700e-04
   5.8731013e+02   1.3504900e+00   7.9445900e-04
   5.8617213e+02   1.3507400e+00   7.9268000e-04
   5.8503852e+02   1.3509900e+00   7.9090900e-04
   5.8390929e+02   1.3512400e+00   7.8914700e-04
   5.8278441e+02   1.3514900e+00   7.8739200e-04
   5.8166385e+02   1.3517300e+00   7.8564600e-04
   5.8054760e+02   1.3519800e+00   7.8390800e-04
   5.7943562e+02   1.3522200e+00   7.8217900e-04
   5.7832790e+02   1.3524700e+00   7.8045700e-04
   5.7722440e+02   1.3527100e+00   7.7874300e-04
   5.7612510e+02   1.3529500e+00   7.7703700e-04
   5.7502999e+02   1.3531800e+00   7.7533900e-04
   5.7393902e+02   1.3534200e+00   7.7364800e-04
   5.7285220e+02   1.3536600e+00   7.7196600e-04
   5.7176947e+02   1.3538900e+00   7.7029100e-04
   5.7069084e+02   1.3541200e+00   7.6862400e-04
   5.6961627e+02   1.3543500e+00   7.6696400e-04
   5.6854573e+02   1.3545800e+00   7.6531200e-04
   5.6747921e+02   1.3548100e+00   7.6366700e-04
   5.6641669e+02   1.3550400e+00   7.6203000e-04
   5.6535813e+02   1.3552600e+00   7.6040000e-04
   5.6430353e+02   1.3554900e+00   7.5877700e-04
   5.6325285e+02   1.3557100e+00   7.5716200e-04
   5.6220608e+02   1.3559300e+00   7.5555400e-04
   5.6116319e+02   1.3561500e+00   7.5395300e-04
   5.6012417e+02   1.3563700e+00   7.5235900e-04
   5.5908898e+02   1.3565900e+00   7.5077200e-04
   5.5805762e+02   1.3568100e+00   7.4919300e-04
   5.5703005e+02   1.3570200e+00   7.4762000e-04
   5.5600626e+02   1.3572400e+00   7.4605400e-04
   5.5498622e+02   1.3574500e+00   7.4449500e-04
   5.5396992e+02   1.3576600e+00   7.4294300e-04
   5.5295734e+02   1.3578700e+00   7.4139800e-04
   5.5194845e+02   1.3580800e+00   7.3985900e-04
   5.5094324e+02   1.3582900e+00   7.3832700e-04
   5.4994168e+02   1.3585000e+00   7.3680200e-04
   5.4894376e+02   1.3587100e+00   7.3528300e-04
   5.4794945e+02   1.3589100e+00   7.3377100e-04
   5.4695873e+02   1.3591200e+00   7.3226500e-04
   5.4597160e+02   1.3593200e+00   7.3076600e-04
   5.4498802e+02   1.3595200e+00   7.2927300e-04
   5.4400797e+02   1.3597200e+00   7.2778700e-04
   5.4303145e+02   1.3599200e+00   7.2630700e-04
   5.4205842e+02   1.3601200e+00   7.2483300e-04
   5.4108888e+02   1.3603100e+00   7.2336600e-04
   5.4012280e+02   1.3605100e+00   7.2190400e-04
   5.3916016e+02   1.3607100e+00   7.2044900e-04
   5.3820095e+02   1.3609000e+00   7.1900000e-04
   5.3724514e+02   1.3610900e+00   7.1755800e-04
   5.3629272e+02   1.3612800e+00   7.1612100e-04
   5.3534368e+02   1.3614800e+00   7.1469000e-04
   5.3439798e+02   1.3616700e+00   7.1326500e-04
   5.3345562e+02   1.3618500e+00   7.1184600e-04
   5.3251658e+02   1.3620400e+00   7.1043300e-04
   5.3158084e+02   1.3622300e+00   7.0902600e-04
   5.3064838e+02   1.3624100e+00   7.0762500e-04
   5.2971919e+02   1.3626000e+00   7.0622900e-04
   5.2879325e+02   1.3627800e+00   7.0484000e-04
   5.2787054e+02   1.3629700e+00   7.0345600e-04
   5.2695104e+02   1.3631500e+00   7.0207700e-04
   5.2603474e+02   1.3633300e+00   7.0070500e-04
   5.2512162e+02   1.3635100e+00   6.9933700e-04
   5.2421167e+02   1.3636900e+00   6.9797600e-04
   5.2330486e+02   1.3638600e+00   6.9662000e-04
   5.2240119e+02   1.3640400e+00   6.9526900e-04
   5.2150063e+02   1.3642200e+00   6.9392400e-04
   5.2060317e+02   1.3643900e+00   6.9258500e-04
   5.1970879e+02   1.3645700e+00   6.9125100e-04
   5.1881749e+02   1.3647400e+00   6.8992200e-04
   5.1792923e+02   1.3649100e+00   6.8859800e-04
   5.1704401e+02   1.3650800e+00   6.8728000e-04
   5.1616181e+02   1.3652500e+00   6.8596700e-04
   5.1528262e+02   1.3654200e+00   6.8465900e-04
   5.1440642e+02   1.3655900e+00   6.8335700e-04
   5.1353319e+02   1.3657600e+00   6.8205900e-04
   5.1266292e+02   1.3659300e+00   6.8076700e-04
   5.1179559e+02   1.3660900e+00   6.7948000e-04
   5.1093120e+02   1.3662600e+00   6.7819800e-04
   5.1006972e+02   1.3664200e+00   6.7692100e-04
   5.0921114e+02   1.3665900e+00   6.7564900e-04
   5.0835545e+02   1.3667500e+00   6.7438200e-04
   5.0750262e+02   1.3669100e+00   6.7312000e-04
   5.0665266e+02   1.3670700e+00   6.7186300e-04
   5.0580553e+02   1.3672300e+00   6.7061100e-04
   5.0496124e+02   1.3673900e+00   6.6936300e-04
   5.0411976e+02   1.3675500e+00   6.6812100e-04
   5.0328108e+02   1.3677100e+00   6.6688300e-04
   5.0244518e+02   1.3678600e+00   6.6565000e-04
   5.0161206e+02   1.3680200e+00   6.6442200e-04
   5.0078169e+02   1.3681800e+00   6.6319800e-04
   4.9995407e+02   1.3683300e+00   6.6197900e-04
   4.9912918e+02   1.3684800e+00   6.6076500e-04
   4.9830701e+02   1.3686400e+00   6.5955600e-04
   4.9748754e+02   1.3687900e+00   6.5835100e-04
   4.9667076e+02   1.3689400e+00   6.5715100e-04
   4.9585666e+02   1.3690900e+00   6.5595500e-04
   4.9504523e+02   1.3692400e+00   6.5476400e-04
   4.9423644e+02   1.3693900e+00   6.5357700e-04
   4.9343030e+02   1.3695400e+00   6.5239400e-04
   4.9262678e+02   1.3696900e+00   6.5121700e-04
   4.9182587e+02   1.3698300e+00   6.5004300e-04
   4.9102756e+02   1.3699800e+00   6.4887400e-04
   4.9023184e+02   1.3701300e+00   6.4771000e-04
   4.8943870e+02   1.3702700e+00   6.4654900e-04
   4.8864811e+02   1.3704200e+00   6.4539300e-04
   4.8786008e+02   1.3705600e+00   6.4424200e-04
   4.8707538e+02   1.3707000e+00   6.4309400e-04
   4.8629240e+02   1.3708400e+00   6.4195100e-04
   4.8551194e+02   1.3709800e+00   6.4081200e-04
   4.8473398e+02   1.3711300e+00   6.3967800e-04
   4.8395852e+02   1.3712700e+00   6.3854700e-04
   4.8318552e+02   1.3714000e+00   6.3742100e-04
   4.8241500e+02   1.3715400e+00   6.3629800e-04
   4.8164692e+02   1.3716800e+00   6.3518000e-04
   4.8088129e+02   1.3718200e+00   6.3406600e-04
   4.8011809e+02   1.3719500e+00   6.3295600e-04
   4.7935731e+02   1.3720900e+00   6.3185000e-04
   4.7859893e+02   1.3722300e+00   6.3074800e-04
   4.7784295e+02   1.3723600e+00   6.2965000e-04
   4.7708936e+02   1.3724900e+00   6.2855600e-04
   4.7633814e+02   1.3726300e+00   6.2746600e-04
   4.7558928e+02   1.3727600e+00   6.2638000e-04
   4.7484277e+02   1.3728900e+00   6.2529800e-04
   4.7409860e+02   1.3730200e+00   6.2421900e-04
   4.7335676e+02   1.3731500e+00   6.2314500e-04
   4.7261724e+02   1.3732800e+00   6.2207400e-04
   4.7188002e+02   1.3734100e+00   6.2100700e-04
   4.7114511e+02   1.3735400e+00   6.1994400e-04
   4.7041247e+02   1.3736700e+00   6.1888500e-04
   4.6968212e+02   1.3738000e+00   6.1782900e-04
   4.6895402e+02   1.3739300e+00   6.1677700e-04
   4.6822818e+02   1.3740500e+00   6.1572900e-04
   4.6750459e+02   1.3741800e+00   6.1468500e-04
   4.6678322e+02   1.3743000e+00   6.1364400e-04
   4.6606408e+02   1.3744300e+00   6.1260700e-04
   4.6534715e+02   1.3745500e+00   6.1157400e-04
   4.6463243e+02   1.3746800e+00   6.1054400e-04
   4.6391989e+02   1.3748000e+00   6.0951800e-04
   4.6320954e+02   1.3749200e+00   6.0849500e-04
   4.6250136e+02   1.3750400e+00   6.0747600e-04
   4.6179534e+02   1.3751600e+00   6.0646000e-04
   4.6109148e+02   1.3752800e+00   6.0544800e-04
   4.6038976e+02   1.3754000e+00   6.0444000e-04
   4.5969017e+02   1.3755200e+00   6.0343500e-04
   4.5899270e+02   1.3756400e+00   6.0243300e-04
   4.5829734e+02   1.3757600e+00   6.0143500e-04
   4.5760409e+02   1.3758800e+00   6.0044000e-04
   4.5691294e+02   1.3760000e+00   5.9944900e-04
   4.5622387e+02   1.3761100e+00   5.9846100e-04
   4.5553687e+02   1.3762300e+00   5.9747700e-04
   4.5485194e+02   1.3763500e+00   5.9649500e-04
   4.5416906e+02   1.3764600e+00   5.9551700e-04
   4.5348824e+02   1.3765800e+00   5.9454300e-04
   4.5280945e+02   1.3766900e+00   5.9357200e-04
   4.5213269e+02   1.3768000e+00   5.9260400e-04
   4.5145795e+02   1.3769200e+00   5.9163900e-04
   4.5078522e+02   1.3770300e+00   5.9067800e-04
   4.5011450e+02   1.3771400e+00   5.8971900e-04
   4.4944576e+02   1.3772500e+00   5.8876400e-04
   4.4877901e+02   1.3773600e+00   5.8781300e-04
   4.4811424e+02   1.3774700e+00   5.8686400e-04
   4.4745143e+02   1.3775800e+00   5.8591800e-04
   4.4679058e+02   1.3776900e+00   5.8497600e-04
   4.4613168e+02   1.3778000e+00   5.8403700e-04
   4.4547472e+02   1.3779100e+00   5.8310100e-04
   4.4481969e+02   1.3780200e+00   5.8216800e-04
   4.4416659e+02   1.3781300e+00   5.8123800e-04
   4.4351540e+02   1.3782300e+00   5.8031100e-04
   4.4286611e+02   1.3783400e+00   5.7938800e-04
   4.4221873e+02   1.3784500e+00   5.7846700e-04
   4.4157323e+02   1.3785500e+00   5.7754900e-04
   4.4092962e+02   1.3786600e+00   5.7663500e-04
   4.4028788e+02   1.3787600e+00   5.7572300e-04
   4.3964801e+02   1.3788700e+00   5.7481400e-04
   4.3900999e+02   1.3789700e+00   5.7390900e-04
   4.3837382e+02   1.3790700e+00   5.7300600e-04
   4.3773949e+02   1.3791800e+00   5.7210600e-04
   4.3710700e+02   1.3792800e+00   5.7120900e-04
   4.3647633e+02   1.3793800e+00   5.7031500e-04
   4.3584748e+02   1.3794800e+00   5.6942400e-04
   4.3522044e+02   1.3795800e+00   5.6853600e-04
   4.3459520e+02   1.3796800e+00   5.6765000e-04
   4.3397175e+02   1.3797800e+00   5.6676800e-04
   4.3335009e+02   1.3798800e+00   5.6588800e-04
   4.3273021e+02   1.3799800e+00   5.6501100e-04
   4.3211210e+02   1.3800800e+00   5.6413700e-04
   4.3149575e+02   1.3801800e+00   5.6326600e-04
   4.3088116e+02   1.3802800e+00   5.6239700e-04
   4.3026831e+02   1.3803800e+00   5.6153100e-04
   4.2965721e+02   1.3804700e+00   5.6066800e-04
   4.2904784e+02   1.3805700e+00   5.5980800e-04
   4.2844020e+02   1.3806700e+00   5.5895100e-04
   4.2783427e+02   1.3807600e+00   5.5809600e-04
   4.2723006e+02   1.3808600e+00   5.5724400e-04
   4.2662755e+02   1.3809500e+00   5.5639400e-04
   4.2602674e+02   1.3810500e+00   5.5554700e-04
   4.2542761e+02   1.3811400e+00   5.5470300e-04
   4.2483017e+02   1.3812400e+00   5.5386200e-04
   4.2423441e+02   1.3813300e+00   5.5302300e-04
   4.2364031e+02   1.3814200e+00   5.5218700e-04
   4.2304788e+02   1.3815200e+00   5.5135300e-04
   4.2245710e+02   1.3816100e+00   5.5052200e-04
   4.2186797e+02   1.3817000e+00   5.4969400e-04
   4.2128048e+02   1.3817900e+00   5.4886800e-04
   4.2069462e+02   1.3818800e+00   5.4804500e-04
   4.2011039e+02   1.3819700e+00   5.4722400e-04
   4.1952779e+02   1.3820600e+00   5.4640600e-04
   4.1894679e+02   1.3821500e+00   5.4559000e-04
   4.1836740e+02   1.3822400e+00   5.4477700e-04
   4.1778961e+02   1.3823300e+00   5.4396600e-04
   4.1721342e+02   1.3824200e+00   5.4315800e-04
   4.1663881e+02   1.3825100e+00   5.4235200e-04
   4.1606579e+02   1.3826000e+00   5.4154900e-04
   4.1549433e+02   1.3826900e+00   5.4074800e-04
   4.1492445e+02   1.3827700e+00   5.3995000e-04
   4.1435613e+02   1.3828600e+00   5.3915400e-04
   4.1378936e+02   1.3829500e+00   5.3836000e-04
   4.1322471e+02   1.3830300e+00   5.3756900e-04
   4.1266103e+02   1.3831200e+00   5.3678000e-04
   4.1209888e+02   1.3832100e+00   5.3599400e-04
   4.1153827e+02   1.3832900e+00   5.3521000e-04
   4.1097917e+02   1.3833800e+00   5.3442800e-04
   4.1042160e+02   1.3834600e+00   5.3364900e-04
   4.0986554e+02   1.3835400e+00   5.3287200e-04
   4.0931098e+02   1.3836300e+00   5.3209800e-04
   4.0875792e+02   1.3837100e+00   5.3132500e-04
   4.0820635e+02   1.3838000e+00   5.3055500e-04
   4.0765627e+02   1.3838800e+00   5.2978800e-04
   4.0710767e+02   1.3839600e+00   5.2902200e-04
   4.0656054e+02   1.3840400e+00   5.2825900e-04
   4.0601488e+02   1.3841200e+00   5.2749800e-04
   4.0547069e+02   1.3842100e+00   5.2674000e-04
   4.0492795e+02   1.3842900e+00   5.2598300e-04
   4.0438666e+02   1.3843700e+00   5.2522900e-04
   4.0384682e+02   1.3844500e+00   5.2447700e-04
   4.0330842e+02   1.3845300e+00   5.2372800e-04
   4.0277145e+02   1.3846100e+00   5.2298000e-04
   4.0223591e+02   1.3846900e+00   5.2223500e-04
   4.0170179e+02   1.3847700e+00   5.2149200e-04
   4.0116909e+02   1.3848500e+00   5.2075100e-04
   4.0063780e+02   1.3849200e+00   5.2001200e-04
   4.0010791e+02   1.3850000e+00   5.1927600e-04
   3.9957943e+02   1.3850800e+00   5.1854100e-04
   3.9905234e+02   1.3851600e+00   5.1780900e-04
   3.9852663e+02   1.3852400e+00   5.1707900e-04
   3.9800232e+02   1.3853100e+00   5.1635100e-04
   3.9747937e+02   1.3853900e+00   5.1562500e-04
   3.9695780e+02   1.3854700e+00   5.1490100e-04
   3.9643760e+02   1.3855400e+00   5.1417900e-04
   3.9591876e+02   1.3856200e+00   5.1345900e-04
   3.9540128e+02   1.3856900e+00   5.1274200e-04
   3.9488514e+02   1.3857700e+00   5.1202600e-04
   3.9437036e+02   1.3858400e+00   5.1131300e-04
   3.9385691e+02   1.3859200e+00   5.1060100e-04
   3.9334480e+02   1.3859900e+00   5.0989200e-04
   3.9283402e+02   1.3860700e+00   5.0918400e-04
   3.9232456e+02   1.3861400e+00   5.0847900e-04
   3.9181642e+02   1.3862100e+00   5.0777600e-04
   3.9130960e+02   1.3862900e+00   5.0707400e-04
   3.9080409e+02   1.3863600e+00   5.0637500e-04
   3.9029988e+02   1.3864300e+00   5.0567800e-04
   3.8979697e+02   1.3865000e+00   5.0498200e-04
   3.8929535e+02   1.3865800e+00   5.0428900e-04
   3.8879503e+02   1.3866500e+00   5.0359700e-04
   3.8829599e+02   1.3867200e+00   5.0290800e-04
   3.8779822e+02   1.3867900e+00   5.0222000e-04
   3.8730174e+02   1.3868600e+00   5.0153400e-04
   3.8680652e+02   1.3869300e+00   5.0085100e-04
   3.8631257e+02   1.3870000e+00   5.0016900e-04
   3.8581987e+02   1.3870700e+00   4.9948900e-04
   3.8532843e+02   1.3871400e+00   4.9881100e-04
   3.8483825e+02   1.3872100e+00   4.9813400e-04
   3.8434931e+02   1.3872800e+00   4.9746000e-04
   3.8386160e+02   1.3873500e+00   4.9678800e-04
   3.8337514e+02   1.3874200e+00   4.9611700e-04
   3.8288991e+02   1.3874900e+00   4.9544900e-04
   3.8240590e+02   1.3875500e+00   4.9478200e-04
   3.8192311e+02   1.3876200e+00   4.9411700e-04
   3.8144155e+02   1.3876900e+00   4.9345400e-04
   3.8096119e+02   1.3877600e+00   4.9279200e-04
   3.8048205e+02   1.3878200e+00   4.9213300e-04
   3.8000410e+02   1.3878900e+00   4.9147500e-04
   3.7952736e+02   1.3879600e+00   4.9081900e-04
   3.7905181e+02   1.3880200e+00   4.9016500e-04
   3.7857746e+02   1.3880900e+00   4.8951300e-04
   3.7810428e+02   1.3881600e+00   4.8886200e-04
   3.7763229e+02   1.3882200e+00   4.8821300e-04
   3.7716148e+02   1.3882900e+00   4.8756600e-04
   3.7669184e+02   1.3883500e+00   4.8692100e-04
   3.7622336e+02   1.3884200e+00   4.8627800e-04
   3.7575605e+02   1.3884800e+00   4.8563600e-04
   3.7528990e+02   1.3885500e+00   4.8499600e-04
   3.7482491e+02   1.3886100e+00   4.8435800e-04
   3.7436106e+02   1.3886700e+00   4.8372100e-04
   3.7389837e+02   1.3887400e+00   4.8308600e-04
   3.7343681e+02   1.3888000e+00   4.8245300e-04
   3.7297639e+02   1.3888700e+00   4.8182200e-04
   3.7251711e+02   1.3889300e+00   4.8119200e-04
   3.7205896e+02   1.3889900e+00   4.8056400e-04
   3.7160193e+02   1.3890500e+00   4.7993800e-04
   3.7114602e+02   1.3891200e+00   4.7931300e-04
   3.7069123e+02   1.3891800e+00   4.7869000e-04
   3.7023756e+02   1.3892400e+00   4.7806900e-04
   3.6978499e+02   1.3893000e+00   4.7744900e-04
   3.6933353e+02   1.3893600e+00   4.7683100e-04
   3.6888317e+02   1.3894200e+00   4.7621400e-04
   3.6843391e+02   1.3894800e+00   4.7560000e-04
   3.6798573e+02   1.3895400e+00   4.7498600e-04
   3.6753865e+02   1.3896100e+00   4.7437500e-04
   3.6709266e+02   1.3896700e+00   4.7376500e-04
   3.6664774e+02   1.3897300e+00   4.7315700e-04
   3.6620390e+02   1.3897900e+00   4.7255000e-04
   3.6576114e+02   1.3898400e+00   4.7194500e-04
   3.6531944e+02   1.3899000e+00   4.7134100e-04
   3.6487881e+02   1.3899600e+00   4.7073900e-04
   3.6443924e+02   1.3900200e+00   4.7013900e-04
   3.6400073e+02   1.3900800e+00   4.6954000e-04
   3.6356327e+02   1.3901400e+00   4.6894300e-04
   3.6312687e+02   1.3902000e+00   4.6834700e-04
   3.6269151e+02   1.3902600e+00   4.6775300e-04
   3.6225719e+02   1.3903100e+00   4.6716000e-04
   3.6182391e+02   1.3903700e+00   4.6656900e-04
   3.6139167e+02   1.3904300e+00   4.6598000e-04
   3.6096046e+02   1.3904900e+00   4.6539200e-04
   3.6053027e+02   1.3905400e+00   4.6480500e-04
   3.6010111e+02   1.3906000e+00   4.6422000e-04
   3.5967297e+02   1.3906600e+00   4.6363700e-04
   3.5924585e+02   1.3907100e+00   4.6305500e-04
   3.5882017e+02   1.3907700e+00   4.6247400e-04
   3.5839507e+02   1.3908200e+00   4.6189500e-04
   3.5797097e+02   1.3908800e+00   4.6131800e-04
   3.5754788e+02   1.3909400e+00   4.6074200e-04
   3.5712579e+02   1.3909900e+00   4.6016700e-04
   3.5670469e+02   1.3910500e+00   4.5959400e-04
   3.5628459e+02   1.3911000e+00   4.5902200e-04
   3.5586547e+02   1.3911600e+00   4.5845200e-04
   3.5544734e+02   1.3912100e+00   4.5788400e-04
   3.5503018e+02   1.3912700e+00   4.5731600e-04
   3.5461401e+02   1.3913200e+00   4.5675000e-04
   3.5419881e+02   1.3913700e+00   4.5618600e-04
   3.5378458e+02   1.3914300e+00   4.5562300e-04
   3.5337133e+02   1.3914800e+00   4.5506100e-04
   3.5295903e+02   1.3915300e+00   4.5450100e-04
   3.5254770e+02   1.3915900e+00   4.5394300e-04
   3.5213732e+02   1.3916400e+00   4.5338500e-04
   3.5172790e+02   1.3916900e+00   4.5282900e-04
   3.5131942e+02   1.3917500e+00   4.5227500e-04
   3.5091190e+02   1.3918000e+00   4.5172200e-04
   3.5050532e+02   1.3918500e+00   4.5117000e-04
   3.5009968e+02   1.3919000e+00   4.5061900e-04
   3.4969498e+02   1.3919600e+00   4.5007000e-04
   3.4929121e+02   1.3920100e+00   4.4952300e-04
   3.4888838e+02   1.3920600e+00   4.4897600e-04
   3.4848647e+02   1.3921100e+00   4.4843200e-04
   3.4808549e+02   1.3921600e+00   4.4788800e-04
   3.4768543e+02   1.3922100e+00   4.4734600e-04
   3.4728629e+02   1.3922600e+00   4.4680500e-04
   3.4688806e+02   1.3923100e+00   4.4626500e-04
   3.4649075e+02   1.3923600e+00   4.4572700e-04
   3.4609434e+02   1.3924100e+00   4.4519000e-04
   3.4569884e+02   1.3924700e+00   4.4465500e-04
   3.4530425e+02   1.3925200e+00   4.4412000e-04
   3.4491055e+02   1.3925600e+00   4.4358700e-04
   3.4451775e+02   1.3926100e+00   4.4305600e-04
   3.4412585e+02   1.3926600e+00   4.4252500e-04
   3.4373483e+02   1.3927100e+00   4.4199600e-04
   3.4334470e+02   1.3927600e+00   4.4146900e-04
   3.4295546e+02   1.3928100e+00   4.4094200e-04
   3.4256710e+02   1.3928600e+00   4.4041700e-04
   3.4217962e+02   1.3929100e+00   4.3989300e-04
   3.4179301e+02   1.3929600e+00   4.3937000e-04
   3.4140727e+02   1.3930100e+00   4.3884900e-04
   3.4102241e+02   1.3930500e+00   4.3832900e-04
   3.4063841e+02   1.3931000e+00   4.3781000e-04
   3.4025528e+02   1.3931500e+00   4.3729300e-04
   3.3987300e+02   1.3932000e+00   4.3677600e-04
   3.3949159e+02   1.3932400e+00   4.3626100e-04
   3.3911102e+02   1.3932900e+00   4.3574700e-04
   3.3873132e+02   1.3933400e+00   4.3523500e-04
   3.3835246e+02   1.3933900e+00   4.3472300e-04
   3.3797444e+02   1.3934300e+00   4.3421300e-04
   3.3759728e+02   1.3934800e+00   4.3370400e-04
   3.3722095e+02   1.3935300e+00   4.3319700e-04
   3.3684546e+02   1.3935700e+00   4.3269000e-04
   3.3647080e+02   1.3936200e+00   4.3218500e-04
   3.3609698e+02   1.3936700e+00   4.3168100e-04
   3.3572399e+02   1.3937100e+00   4.3117800e-04
   3.3535182e+02   1.3937600e+00   4.3067600e-04
   3.3498048e+02   1.3938000e+00   4.3017600e-04
   3.3460996e+02   1.3938500e+00   4.2967600e-04
   3.3424026e+02   1.3938900e+00   4.2917800e-04
   3.3387138e+02   1.3939400e+00   4.2868100e-04
   3.3350331e+02   1.3939800e+00   4.2818600e-04
   3.3313604e+02   1.3940300e+00   4.2769100e-04
   3.3276959e+02   1.3940700e+00   4.2719700e-04
   3.3240394e+02   1.3941200e+00   4.2670500e-04
   3.3203910e+02   1.3941600e+00   4.2621400e-04
   3.3167505e+02   1.3942100e+00   4.2572400e-04
   3.3131181e+02   1.3942500e+00   4.2523500e-04
   3.3094935e+02   1.3942900e+00   4.2474800e-04
   3.3058769e+02   1.3943400e+00   4.2426100e-04
   3.3022682e+02   1.3943800e+00   4.2377600e-04
   3.2986674e+02   1.3944300e+00   4.2329200e-04
   3.2950744e+02   1.3944700e+00   4.2280800e-04
   3.2914892e+02   1.3945100e+00   4.2232600e-04
   3.2879118e+02   1.3945600e+00   4.2184600e-04
   3.2843422e+02   1.3946000e+00   4.2136600e-04
   3.2807803e+02   1.3946400e+00   4.2088700e-04
   3.2772262e+02   1.3946800e+00   4.2041000e-04
   3.2736797e+02   1.3947300e+00   4.1993300e-04
   3.2701409e+02   1.3947700e+00   4.1945800e-04
   3.2666098e+02   1.3948100e+00   4.1898400e-04
   3.2630862e+02   1.3948500e+00   4.1851000e-04
   3.2595703e+02   1.3948900e+00   4.1803800e-04
   3.2560619e+02   1.3949400e+00   4.1756700e-04
   3.2525611e+02   1.3949800e+00   4.1709700e-04
   3.2490678e+02   1.3950200e+00   4.1662900e-04
   3.2455820e+02   1.3950600e+00   4.1616100e-04
   3.2421036e+02   1.3951000e+00   4.1569400e-04
   3.2386327e+02   1.3951400e+00   4.1522900e-04
   3.2351692e+02   1.3951900e+00   4.1476400e-04
   3.2317132e+02   1.3952300e+00   4.1430100e-04
   3.2282645e+02   1.3952700e+00   4.1383800e-04
   3.2248231e+02   1.3953100e+00   4.1337700e-04
   3.2213891e+02   1.3953500e+00   4.1291700e-04
   3.2179624e+02   1.3953900e+00   4.1245700e-04
   3.2145430e+02   1.3954300e+00   4.1199900e-04
   3.2111308e+02   1.3954700e+00   4.1154200e-04
   3.2077259e+02   1.3955100e+00   4.1108600e-04
   3.2043282e+02   1.3955500e+00   4.1063100e-04
   3.2009376e+02   1.3955900e+00   4.1017700e-04
   3.1975543e+02   1.3956300e+00   4.0972300e-04
   3.1941781e+02   1.3956700e+00   4.0927100e-04
   3.1908090e+02   1.3957100e+00   4.0882000e-04
   3.1874470e+02   1.3957500e+00   4.0837000e-04
   3.1840921e+02   1.3957900e+00   4.0792100e-04
   3.1807442e+02   1.3958200e+00   4.0747300e-04
   3.1774034e+02   1.3958600e+00   4.0702600e-04
   3.1740696e+02   1.3959000e+00   4.0658000e-04
   3.1707461e+02   1.3959400e+00   4.0613500e-04
   3.1674262e+02   1.3959800e+00   4.0569100e-04
   3.1641133e+02   1.3960200e+00   4.0524800e-04
   3.1608073e+02   1.3960600e+00   4.0480600e-04
   3.1575082e+02   1.3960900e+00   4.0436500e-04
   3.1542160e+02   1.3961300e+00   4.0392500e-04
   3.1509306e+02   1.3961700e+00   4.0348600e-04
   3.1476521e+02   1.3962100e+00   4.0304800e-04
   3.1443804e+02   1.3962400e+00   4.0261100e-04
   3.1411155e+02   1.3962800e+00   4.0217400e-04
   3.1378573e+02   1.3963200e+00   4.0173900e-04
   3.1346059e+02   1.3963600e+00   4.0130500e-04
   3.1313613e+02   1.3963900e+00   4.0087100e-04
   3.1281233e+02   1.3964300e+00   4.0043900e-04
   3.1248921e+02   1.3964700e+00   4.0000800e-04
   3.1216675e+02   1.3965100e+00   3.9957700e-04
   3.1184495e+02   1.3965400e+00   3.9914800e-04
   3.1152382e+02   1.3965800e+00   3.9871900e-04
   3.1120335e+02   1.3966100e+00   3.9829100e-04
   3.1088354e+02   1.3966500e+00   3.9786500e-04
   3.1056438e+02   1.3966900e+00   3.9743900e-04
   3.1024588e+02   1.3967200e+00   3.9701400e-04
   3.0992803e+02   1.3967600e+00   3.9659000e-04
   3.0961084e+02   1.3968000e+00   3.9616700e-04
   3.0929429e+02   1.3968300e+00   3.9574500e-04
   3.0897839e+02   1.3968700e+00   3.9532400e-04
   3.0866313e+02   1.3969000e+00   3.9490400e-04
   3.0834851e+02   1.3969400e+00   3.9448400e-04
   3.0803454e+02   1.3969700e+00   3.9406600e-04
   3.0772120e+02   1.3970100e+00   3.9364800e-04
   3.0740850e+02   1.3970400e+00   3.9323200e-04
   3.0709644e+02   1.3970800e+00   3.9281600e-04
   3.0678501e+02   1.3971100e+00   3.9240100e-04
   3.0647421e+02   1.3971500e+00   3.9198700e-04
   3.0616404e+02   1.3971800e+00   3.9157400e-04
   3.0585449e+02   1.3972200e+00   3.9116200e-04
   3.0554558e+02   1.3972500e+00   3.9075000e-04
   3.0523728e+02   1.3972900e+00   3.9034000e-04
   3.0492961e+02   1.3973200e+00   3.8993000e-04
   3.0462255e+02   1.3973600e+00   3.8952200e-04
   3.0431612e+02   1.3973900e+00   3.8911400e-04
   3.0401030e+02   1.3974200e+00   3.8870700e-04
   3.0370509e+02   1.3974600e+00   3.8830100e-04
   3.0340050e+02   1.3974900e+00   3.8789600e-04
   3.0309651e+02   1.3975300e+00   3.8749100e-04
   3.0279314e+02   1.3975600e+00   3.8708800e-04
   3.0249037e+02   1.3975900e+00   3.8668500e-04
   3.0218821e+02   1.3976300e+00   3.8628300e-04
   3.0188665e+02   1.3976600e+00   3.8588200e-04
   3.0158569e+02   1.3976900e+00   3.8548200e-04
   3.0128533e+02   1.3977300e+00   3.8508300e-04
   3.0098556e+02   1.3977600e+00   3.8468500e-04
   3.0068640e+02   1.3977900e+00   3.8428700e-04
   3.0038783e+02   1.3978200e+00   3.8389000e-04
   3.0008985e+02   1.3978600e+00   3.8349500e-04
   2.9979246e+02   1.3978900e+00   3.8309900e-04
