100 0.356757 17.2901
109.91 0.338019 16.7545
119.82 0.318391 16.2013
129.73 0.297748 15.6284
139.64 0.275932 15.0338
149.55 0.252749 14.4146
159.459 0.227945 13.7676
169.369 0.201184 13.0888
179.279 0.17201 12.3727
189.189 0.148038 11.6796
199.099 0.141426 11.1037
209.009 0.134495 10.4963
218.919 0.125663 9.95695
228.829 0.113683 9.56815
238.739 0.10087 9.16287
248.649 0.0868223 8.75917
258.559 0.0707565 8.41768
268.468 0.0534274 8.06176
278.378 0.0399814 7.72213
288.288 0.0399429 7.45489
298.198 0.0399568 7.17771
308.108 0.039981 6.91999
318.018 0.0399498 6.71073
327.928 0.0399579 6.49472
337.838 0.03999 6.27767
347.748 0.0399555 6.08305
357.658 0.0399624 5.88199
367.568 0.0392572 5.68997
377.477 0.0362284 5.54061
387.387 0.0330571 5.38711
397.297 0.0302519 5.23131
407.207 0.0334815 5.09662
417.117 0.0369136 4.95828
427.027 0.0404804 4.82011
436.937 0.0437279 4.7014
446.847 0.0471753 4.57961
456.757 0.0506522 4.4603
466.667 0.0536466 4.3581
476.577 0.0568174 4.25345
486.486 0.0598265 4.14679
496.396 0.0565337 4.04864
506.306 0.05311 3.94805
516.216 0.050366 3.84755
526.126 0.0533533 3.76366
536.036 0.0565062 3.67787
545.946 0.0598437 3.59004
555.856 0.0568688 3.50272
565.766 0.053459 3.41331
575.676 0.0499989 3.32194
585.586 0.0499711 3.24484
595.495 0.0499716 3.16586
605.405 0.049996 3.08623
615.315 0.0499688 3.01723
625.225 0.0499677 2.94663
635.135 0.0499966 2.87429
645.045 0.0469654 2.80354
654.955 0.0435601 2.73124
664.865 0.04 2.65698
674.775 0.0399757 2.59708
684.685 0.0399724 2.53576
694.595 0.0399936 2.47292
704.505 0.0426472 2.41053
714.414 0.0460254 2.34693
724.324 0.04963 2.28157
734.234 0.0499543 2.21392
744.144 0.049948 2.14411
754.054 0.0499978 2.07195
763.964 0.0499441 2.00901
773.874 0.049934 1.94438
783.784 0.0499824 1.87752
793.694 0.0549525 1.80961
803.604 0.0616442 1.73946
813.514 0.0690182 1.6664
823.423 0.0772078 1.59483
833.333 0.0863435 1.5207
843.243 0.0966604 1.44291
853.153 0.107717 1.35741
863.063 0.120454 1.26486
872.973 0.135999 1.16545
882.883 0.145055 1.06761
892.793 0.153992 0.963614
902.703 0.167372 0.847908
912.613 0.286771 0.656012
922.523 0.502901 0.484796
932.432 0.740034 0.404689
942.342 0.893816 0.453047
952.252 1.00544 0.531355
962.162 1.10608 0.599918
972.072 1.18013 0.708953
981.982 1.24706 0.821513
991.892 1.31274 0.923486
1001.8 1.34904 1.00458
1011.71 1.36576 1.07282
1021.62 1.38355 1.13853
1031.53 1.39419 1.1843
1041.44 1.40094 1.21968
1051.35 1.40799 1.25443
1061.26 1.40985 1.27939
1071.17 1.40979 1.30057
1081.08 1.4099 1.32159
1090.99 1.40427 1.33866
1100.9 1.39397 1.35263
1110.81 1.3838 1.36668
1120.72 1.3741 1.3749
1130.63 1.36464 1.3796
1140.54 1.35519 1.38436
1150.45 1.34692 1.38791
1160.36 1.34009 1.38995
1170.27 1.33326 1.39201
1180.18 1.32644 1.39228
1190.09 1.31962 1.39091
1200 1.31277 1.38955
1209.91 1.30813 1.38694
1219.82 1.30498 1.38348
1229.73 1.30182 1.38
1239.64 1.29712 1.37641
1249.55 1.2903 1.37265
1259.46 1.28346 1.36889
1269.37 1.28 1.36544
1279.28 1.28 1.36229
1289.19 1.28 1.35913
1299.1 1.27779 1.35556
1309.01 1.27098 1.35113
1318.92 1.26414 1.34668
1328.83 1.25865 1.34373
1338.74 1.25523 1.34304
1348.65 1.25181 1.34236
1358.56 1.24558 1.3411
1368.47 1.23615 1.33919
1378.38 1.22668 1.33731
1388.29 1.21797 1.33488
1398.2 1.21117 1.33113
1408.11 1.20432 1.32737
1418.02 1.19768 1.32349
1427.93 1.19139 1.31939
1437.84 1.18508 1.31529
1447.75 1.17798 1.31091
1457.66 1.16779 1.30546
1467.57 1.15753 1.29999
1477.48 1.14907 1.29425
1487.39 1.14566 1.28778
1497.3 1.14225 1.28128
1507.21 1.13785 1.27463
1517.12 1.13157 1.26772
1527.03 1.12525 1.26078
1536.94 1.11883 1.25366
1546.85 1.11203 1.24584
1556.76 1.10519 1.23797
1566.67 1.09771 1.23046
1576.58 1.08831 1.22418
1586.49 1.07884 1.21787
1596.4 1.0693 1.21153
1606.31 1.05967 1.20517
1616.22 1.04997 1.19878
1626.13 1.04019 1.19237
1636.04 1.03032 1.18593
1645.95 1.02037 1.17946
1655.86 1.01033 1.17297
1665.77 1.0002 1.16645
1675.68 0.989977 1.15991
1685.59 0.979663 1.15334
1695.5 0.969252 1.14674
1705.41 0.958743 1.14012
1715.32 0.948133 1.13347
1725.23 0.93742 1.12679
1735.14 0.926599 1.12009
1745.05 0.915669 1.11337
1754.95 0.904627 1.10661
1764.86 0.893469 1.09984
1774.77 0.882192 1.09304
1784.68 0.870793 1.08622
1794.59 0.859268 1.07937
1804.5 0.847613 1.0725
1814.41 0.835825 1.06561
1824.32 0.823899 1.0587
1834.23 0.811832 1.05178
1844.14 0.799619 1.04483
1854.05 0.787255 1.03786
1863.96 0.774736 1.03088
1873.87 0.762057 1.02389
1883.78 0.749212 1.01688
1893.69 0.736196 1.00987
1903.6 0.723003 1.00284
1913.51 0.709627 0.995814
1923.42 0.696063 0.988783
1933.33 0.682304 0.981754
1943.24 0.668343 0.97473
1953.15 0.654173 0.967715
1963.06 0.639786 0.960714
1972.97 0.625176 0.953732
1982.88 0.610335 0.946774
1992.79 0.595254 0.939848
2002.7 0.579925 0.93296
2012.61 0.56434 0.926119
2022.52 0.548491 0.919332
2032.43 0.532367 0.912611
2042.34 0.515961 0.905966
2052.25 0.499263 0.899409
2062.16 0.482266 0.892954
2072.07 0.464959 0.886616
2081.98 0.447335 0.880411
2091.89 0.429387 0.874358
2101.8 0.411107 0.868477
2111.71 0.392489 0.862789
2121.62 0.37353 0.85732
2131.53 0.354226 0.852093
2141.44 0.334577 0.847138
2151.35 0.314584 0.842483
2161.26 0.294252 0.838161
2171.17 0.27359 0.834203
2181.08 0.252609 0.830644
2190.99 0.231327 0.827517
2200.9 0.209765 0.824856
2210.81 0.18795 0.822694
2220.72 0.165912 0.821061
2230.63 0.143689 0.819985
2240.54 0.121322 0.819489
2250.45 0.0988554 0.819591
2260.36 0.0763375 0.820304
2270.27 0.0538183 0.821633
2280.18 0.0313484 0.823579
2290.09 0.00897773 0.826132
2300 0.0132456 -0.829279
2309.91 0.0352766 -0.832998
2319.82 0.0570743 -0.837266
2329.73 0.0786027 -0.84205
2339.64 0.0998306 -0.84732
2349.55 0.120733 -0.853039
2359.46 0.141288 -0.859171
2369.37 0.161482 -0.865681
2379.28 0.181303 -0.872532
2389.19 0.200745 -0.87969
2399.1 0.219806 -0.887121
2409.01 0.238486 -0.894796
2418.92 0.256786 -0.902683
2428.83 0.274714 -0.910758
2438.74 0.292275 -0.918995
2448.65 0.309477 -0.927371
2458.56 0.32633 -0.935867
2468.47 0.342843 -0.944463
2478.38 0.359026 -0.953144
2488.29 0.37489 -0.961894
2498.2 0.390445 -0.9707
2508.11 0.405702 -0.979551
2518.02 0.420672 -0.988436
2527.93 0.435364 -0.997345
2537.84 0.449789 -1.00627
2547.75 0.463957 -1.0152
2557.66 0.477876 -1.02414
2567.57 0.491556 -1.03307
2577.48 0.505005 -1.042
2587.39 0.518233 -1.05091
2597.3 0.531247 -1.0598
2607.21 0.544055 -1.06867
2617.12 0.556663 -1.07752
2627.03 0.569081 -1.08635
2636.94 0.581313 -1.09514
2646.85 0.593367 -1.10391
2656.76 0.605248 -1.11264
2666.67 0.616963 -1.12134
2676.58 0.628517 -1.13
2686.49 0.639915 -1.13863
2696.4 0.651163 -1.14722
2706.31 0.662266 -1.15577
2716.22 0.673227 -1.16428
2726.13 0.684052 -1.17276
2736.04 0.694745 -1.1812
2745.95 0.70531 -1.18959
2755.86 0.715751 -1.19795
2765.77 0.726071 -1.20626
2775.68 0.736274 -1.21454
2785.59 0.746364 -1.22278
2795.5 0.756343 -1.23097
2805.41 0.766215 -1.23913
2815.32 0.775983 -1.24724
2825.23 0.785649 -1.25532
2835.14 0.795217 -1.26335
2845.05 0.804689 -1.27135
2854.95 0.814067 -1.27931
2864.86 0.823355 -1.28723
2874.77 0.832554 -1.29511
2884.68 0.841667 -1.30295
2894.59 0.850695 -1.31075
2904.5 0.859641 -1.31851
2914.41 0.868507 -1.32624
2924.32 0.877295 -1.33393
2934.23 0.886007 -1.34158
2944.14 0.894644 -1.3492
2954.05 0.903208 -1.35678
2963.96 0.911701 -1.36432
2973.87 0.920124 -1.37183
2983.78 0.92848 -1.37931
2993.69 0.936769 -1.38674
3003.6 0.944992 -1.39415
3013.51 0.953153 -1.40152
3023.42 0.961251 -1.40885
3033.33 0.969287 -1.41616
3043.24 0.977265 -1.42343
3053.15 0.985183 -1.43066
3063.06 0.993045 -1.43787
3072.97 1.00085 -1.44504
3082.88 1.0086 -1.45218
3092.79 1.0163 -1.45929
3102.7 1.02394 -1.46637
3112.61 1.03153 -1.47341
3122.52 1.03907 -1.48043
3132.43 1.04656 -1.48742
3142.34 1.054 -1.49437
3152.25 1.06139 -1.5013
3162.16 1.06874 -1.5082
3172.07 1.07604 -1.51507
3181.98 1.08329 -1.52191
3191.89 1.0905 -1.52873
3201.8 1.09767 -1.53551
3211.71 1.10479 -1.54227
3221.62 1.11187 -1.549
3231.53 1.1189 -1.5557
3241.44 1.1259 -1.56238
3251.35 1.13286 -1.56903
3261.26 1.13977 -1.57565
3271.17 1.14665 -1.58225
3281.08 1.15349 -1.58883
3290.99 1.16029 -1.59537
3300.9 1.16705 -1.60189
3310.81 1.17378 -1.60839
3320.72 1.18047 -1.61487
3330.63 1.18712 -1.62131
3340.54 1.19374 -1.62774
3350.45 1.20032 -1.63414
3360.36 1.20687 -1.64052
3370.27 1.21339 -1.64687
3380.18 1.21988 -1.6532
3390.09 1.22633 -1.65951
3400 1.23275 -1.66579
3409.91 1.23913 -1.67206
3419.82 1.24549 -1.6783
3429.73 1.25182 -1.68452
3439.64 1.25811 -1.69071
3449.55 1.26438 -1.69689
3459.46 1.27061 -1.70304
3469.37 1.27682 -1.70917
3479.28 1.283 -1.71529
3489.19 1.28915 -1.72138
3499.1 1.29527 -1.72745
3509.01 1.30137 -1.7335
3518.92 1.30743 -1.73953
3528.83 1.31347 -1.74554
3538.74 1.31949 -1.75153
3548.65 1.32547 -1.7575
3558.56 1.33144 -1.76345
3568.47 1.33737 -1.76938
3578.38 1.34328 -1.77529
3588.29 1.34917 -1.78119
3598.2 1.35503 -1.78706
3608.11 1.36087 -1.79292
3618.02 1.36668 -1.79876
3627.93 1.37247 -1.80458
3637.84 1.37823 -1.81038
3647.75 1.38398 -1.81616
3657.66 1.3897 -1.82193
3667.57 1.39539 -1.82768
3677.48 1.40107 -1.83341
3687.39 1.40672 -1.83912
3697.3 1.41235 -1.84482
3707.21 1.41796 -1.8505
3717.12 1.42355 -1.85616
3727.03 1.42911 -1.86181
3736.94 1.43466 -1.86744
3746.85 1.44018 -1.87305
3756.76 1.44569 -1.87865
3766.67 1.45117 -1.88423
3776.58 1.45663 -1.8898
3786.49 1.46208 -1.89534
3796.4 1.4675 -1.90088
3806.31 1.47291 -1.9064
3816.22 1.47829 -1.9119
3826.13 1.48366 -1.91738
3836.04 1.48901 -1.92286
3845.95 1.49434 -1.92831
3855.86 1.49965 -1.93375
3865.77 1.50494 -1.93918
3875.68 1.51022 -1.94459
3885.59 1.51547 -1.94999
3895.5 1.52071 -1.95537
3905.41 1.52593 -1.96074
3915.32 1.53114 -1.96609
3925.23 1.53632 -1.97143
3935.14 1.54149 -1.97676
3945.05 1.54665 -1.98207
3954.95 1.55178 -1.98737
3964.86 1.5569 -1.99265
3974.77 1.562 -1.99792
3984.68 1.56709 -2.00318
3994.59 1.57216 -2.00842
4004.5 1.57722 -2.01365
4014.41 1.58226 -2.01887
4024.32 1.58728 -2.02407
4034.23 1.59229 -2.02926
4044.14 1.59728 -2.03444
4054.05 1.60226 -2.0396
4063.96 1.60722 -2.04475
4073.87 1.61217 -2.04989
4083.78 1.6171 -2.05502
4093.69 1.62202 -2.06013
4103.6 1.62692 -2.06523
4113.51 1.63181 -2.07032
4123.42 1.63669 -2.0754
4133.33 1.64155 -2.08046
4143.24 1.64639 -2.08552
4153.15 1.65123 -2.09056
4163.06 1.65604 -2.09559
4172.97 1.66085 -2.1006
4182.88 1.66564 -2.10561
4192.79 1.67042 -2.1106
4202.7 1.67518 -2.11558
4212.61 1.67993 -2.12055
4222.52 1.68467 -2.12551
4232.43 1.6894 -2.13046
4242.34 1.69411 -2.1354
4252.25 1.69881 -2.14032
4262.16 1.70349 -2.14523
4272.07 1.70817 -2.15014
4281.98 1.71283 -2.15503
4291.89 1.71748 -2.15991
4301.8 1.72211 -2.16478
4311.71 1.72674 -2.16964
4321.62 1.73135 -2.17449
4331.53 1.73595 -2.17933
4341.44 1.74054 -2.18415
4351.35 1.74511 -2.18897
4361.26 1.74968 -2.19378
4371.17 1.75423 -2.19857
4381.08 1.75877 -2.20336
4390.99 1.7633 -2.20813
4400.9 1.76782 -2.2129
4410.81 1.77233 -2.21766
4420.72 1.77682 -2.2224
4430.63 1.78131 -2.22714
4440.54 1.78578 -2.23186
4450.45 1.79024 -2.23658
4460.36 1.79469 -2.24128
4470.27 1.79913 -2.24598
4480.18 1.80356 -2.25066
4490.09 1.80798 -2.25534
4500 1.81239 -2.26001
4509.91 1.81679 -2.26467
4519.82 1.82118 -2.26931
4529.73 1.82555 -2.27395
4539.64 1.82992 -2.27858
4549.55 1.83428 -2.2832
4559.46 1.83862 -2.28781
4569.37 1.84296 -2.29242
4579.28 1.84728 -2.29701
4589.19 1.8516 -2.30159
4599.1 1.85591 -2.30617
4609.01 1.8602 -2.31073
4618.92 1.86449 -2.31529
4628.83 1.86876 -2.31984
4638.74 1.87303 -2.32438
4648.65 1.87729 -2.32891
4658.56 1.88154 -2.33343
4668.47 1.88578 -2.33794
4678.38 1.89001 -2.34245
4688.29 1.89423 -2.34694
4698.2 1.89844 -2.35143
4708.11 1.90264 -2.35591
4718.02 1.90683 -2.36038
4727.93 1.91101 -2.36484
4737.84 1.91519 -2.3693
4747.75 1.91935 -2.37374
4757.66 1.92351 -2.37818
4767.57 1.92766 -2.38261
4777.48 1.93179 -2.38703
4787.39 1.93592 -2.39144
4797.3 1.94004 -2.39585
4807.21 1.94416 -2.40024
4817.12 1.94826 -2.40463
4827.03 1.95236 -2.40901
4836.94 1.95644 -2.41339
4846.85 1.96052 -2.41775
4856.76 1.96459 -2.42211
4866.67 1.96865 -2.42646
4876.58 1.97271 -2.4308
4886.49 1.97675 -2.43514
4896.4 1.98079 -2.43946
4906.31 1.98482 -2.44378
4916.22 1.98884 -2.44809
4926.13 1.99285 -2.4524
4936.04 1.99686 -2.45669
4945.95 2.00085 -2.46098
4955.86 2.00484 -2.46526
4965.77 2.00882 -2.46954
4975.68 2.0128 -2.47381
4985.59 2.01676 -2.47807
4995.5 2.02072 -2.48232
5005.41 2.02467 -2.48656
5015.32 2.02861 -2.4908
5025.23 2.03255 -2.49503
5035.14 2.03648 -2.49926
5045.05 2.0404 -2.50347
5054.95 2.04431 -2.50768
5064.86 2.04821 -2.51189
5074.77 2.05211 -2.51608
5084.68 2.056 -2.52027
5094.59 2.05988 -2.52445
5104.5 2.06376 -2.52863
5114.41 2.06763 -2.5328
5124.32 2.07149 -2.53696
5134.23 2.07535 -2.54111
5144.14 2.07919 -2.54526
5154.05 2.08303 -2.5494
5163.96 2.08687 -2.55354
5173.87 2.09069 -2.55766
5183.78 2.09451 -2.56179
5193.69 2.09832 -2.5659
5203.6 2.10213 -2.57001
5213.51 2.10593 -2.57411
5223.42 2.10972 -2.57821
5233.33 2.11351 -2.58229
5243.24 2.11729 -2.58638
5253.15 2.12106 -2.59045
5263.06 2.12482 -2.59452
5272.97 2.12858 -2.59859
5282.88 2.13233 -2.60264
5292.79 2.13608 -2.60669
5302.7 2.13982 -2.61074
5312.61 2.14355 -2.61478
5322.52 2.14728 -2.61881
5332.43 2.151 -2.62283
5342.34 2.15471 -2.62685
5352.25 2.15842 -2.63087
5362.16 2.16212 -2.63488
5372.07 2.16581 -2.63888
5381.98 2.1695 -2.64287
5391.89 2.17318 -2.64686
5401.8 2.17686 -2.65085
5411.71 2.18053 -2.65482
5421.62 2.18419 -2.6588
5431.53 2.18785 -2.66276
5441.44 2.1915 -2.66672
5451.35 2.19514 -2.67068
5461.26 2.19878 -2.67462
5471.17 2.20242 -2.67857
5481.08 2.20604 -2.6825
5490.99 2.20967 -2.68643
5500.9 2.21328 -2.69036
5510.81 2.21689 -2.69428
5520.72 2.2205 -2.69819
5530.63 2.22409 -2.7021
5540.54 2.22769 -2.706
5550.45 2.23127 -2.7099
5560.36 2.23485 -2.71379
5570.27 2.23843 -2.71768
5580.18 2.242 -2.72156
5590.09 2.24556 -2.72543
5600 2.24912 -2.7293
5609.91 2.25267 -2.73317
5619.82 2.25622 -2.73703
5629.73 2.25976 -2.74088
5639.64 2.2633 -2.74473
5649.55 2.26683 -2.74857
5659.46 2.27035 -2.75241
5669.37 2.27387 -2.75624
5679.28 2.27739 -2.76007
5689.19 2.2809 -2.76389
5699.1 2.2844 -2.7677
5709.01 2.2879 -2.77151
5718.92 2.29139 -2.77532
5728.83 2.29488 -2.77912
5738.74 2.29836 -2.78292
5748.65 2.30184 -2.78671
5758.56 2.30531 -2.79049
5768.47 2.30878 -2.79427
5778.38 2.31224 -2.79805
5788.29 2.3157 -2.80182
5798.2 2.31915 -2.80558
5808.11 2.32259 -2.80934
5818.02 2.32603 -2.8131
5827.93 2.32947 -2.81685
5837.84 2.3329 -2.82059
5847.75 2.33633 -2.82433
5857.66 2.33975 -2.82807
5867.57 2.34316 -2.8318
5877.48 2.34658 -2.83552
5887.39 2.34998 -2.83924
5897.3 2.35338 -2.84296
5907.21 2.35678 -2.84667
5917.12 2.36017 -2.85037
5927.03 2.36356 -2.85407
5936.94 2.36694 -2.85777
5946.85 2.37032 -2.86146
5956.76 2.37369 -2.86515
5966.67 2.37706 -2.86883
5976.58 2.38042 -2.87251
5986.49 2.38378 -2.87618
5996.4 2.38713 -2.87985
6006.31 2.39048 -2.88351
6016.22 2.39382 -2.88717
6026.13 2.39716 -2.89082
6036.04 2.4005 -2.89447
6045.95 2.40383 -2.89812
6055.86 2.40715 -2.90176
6065.77 2.41048 -2.90539
6075.68 2.41379 -2.90903
6085.59 2.4171 -2.91265
6095.5 2.42041 -2.91628
6105.41 2.42371 -2.91989
6115.32 2.42701 -2.92351
6125.23 2.43031 -2.92712
6135.14 2.4336 -2.93072
6145.05 2.43688 -2.93432
6154.95 2.44016 -2.93792
6164.86 2.44344 -2.94151
6174.77 2.44671 -2.94509
6184.68 2.44998 -2.94868
6194.59 2.45324 -2.95225
6204.5 2.4565 -2.95583
6214.41 2.45976 -2.9594
6224.32 2.46301 -2.96296
6234.23 2.46625 -2.96653
6244.14 2.46949 -2.97008
6254.05 2.47273 -2.97363
6263.96 2.47597 -2.97718
6273.87 2.4792 -2.98073
6283.78 2.48242 -2.98427
6293.69 2.48564 -2.9878
6303.6 2.48886 -2.99133
6313.51 2.49207 -2.99486
6323.42 2.49528 -2.99839
6333.33 2.49848 -3.0019
6343.24 2.50168 -3.00542
6353.15 2.50488 -3.00893
6363.06 2.50807 -3.01244
6372.97 2.51126 -3.01594
6382.88 2.51445 -3.01944
6392.79 2.51763 -3.02293
6402.7 2.5208 -3.02643
6412.61 2.52397 -3.02991
6422.52 2.52714 -3.0334
6432.43 2.53031 -3.03687
6442.34 2.53347 -3.04035
6452.25 2.53662 -3.04382
6462.16 2.53978 -3.04729
6472.07 2.54292 -3.05075
6481.98 2.54607 -3.05421
6491.89 2.54921 -3.05766
6501.8 2.55235 -3.06112
6511.71 2.55548 -3.06456
6521.62 2.55861 -3.06801
6531.53 2.56174 -3.07145
6541.44 2.56486 -3.07488
6551.35 2.56798 -3.07831
6561.26 2.57109 -3.08174
6571.17 2.5742 -3.08517
6581.08 2.57731 -3.08859
6590.99 2.58041 -3.092
6600.9 2.58351 -3.09542
6610.81 2.5866 -3.09883
6620.72 2.5897 -3.10223
6630.63 2.59278 -3.10564
6640.54 2.59587 -3.10903
6650.45 2.59895 -3.11243
6660.36 2.60203 -3.11582
6670.27 2.6051 -3.11921
6680.18 2.60817 -3.12259
6690.09 2.61124 -3.12597
6700 2.6143 -3.12935
6709.91 2.61736 -3.13272
6719.82 2.62042 -3.13609
6729.73 2.62347 -3.13945
6739.64 2.62652 -3.14281
6749.55 2.62956 -3.14617
6759.46 2.6326 -3.14953
6769.37 2.63564 -3.15288
6779.28 2.63868 -3.15623
6789.19 2.64171 -3.15957
6799.1 2.64474 -3.16291
6809.01 2.64776 -3.16625
6818.92 2.65078 -3.16958
6828.83 2.6538 -3.17291
6838.74 2.65681 -3.17624
6848.65 2.65982 -3.17956
6858.56 2.66283 -3.18288
6868.47 2.66583 -3.1862
6878.38 2.66883 -3.18951
6888.29 2.67183 -3.19282
6898.2 2.67482 -3.19612
6908.11 2.67782 -3.19943
6918.02 2.6808 -3.20273
6927.93 2.68379 -3.20602
6937.84 2.68677 -3.20931
6947.75 2.68974 -3.2126
6957.66 2.69272 -3.21589
6967.57 2.69569 -3.21917
6977.48 2.69866 -3.22245
6987.39 2.70162 -3.22572
6997.3 2.70458 -3.229
7007.21 2.70754 -3.23227
7017.12 2.71049 -3.23553
7027.03 2.71344 -3.23879
7036.94 2.71639 -3.24205
7046.85 2.71934 -3.24531
7056.76 2.72228 -3.24856
7066.67 2.72522 -3.25181
7076.58 2.72815 -3.25506
7086.49 2.73108 -3.2583
7096.4 2.73401 -3.26154
7106.31 2.73694 -3.26478
7116.22 2.73986 -3.26801
7126.13 2.74278 -3.27124
7136.04 2.7457 -3.27447
7145.95 2.74861 -3.27769
7155.86 2.75152 -3.28091
7165.77 2.75443 -3.28413
7175.68 2.75733 -3.28734
7185.59 2.76024 -3.29055
7195.5 2.76313 -3.29376
7205.41 2.76603 -3.29697
7215.32 2.76892 -3.30017
7225.23 2.77181 -3.30337
7235.14 2.7747 -3.30656
7245.05 2.77758 -3.30975
7254.95 2.78046 -3.31294
7264.86 2.78334 -3.31613
7274.77 2.78621 -3.31931
7284.68 2.78908 -3.32249
7294.59 2.79195 -3.32567
7304.5 2.79482 -3.32884
7314.41 2.79768 -3.33202
7324.32 2.80054 -3.33518
7334.23 2.8034 -3.33835
7344.14 2.80625 -3.34151
7354.05 2.8091 -3.34467
7363.96 2.81195 -3.34783
7373.87 2.81479 -3.35098
7383.78 2.81764 -3.35413
7393.69 2.82048 -3.35728
7403.6 2.82331 -3.36042
7413.51 2.82615 -3.36356
7423.42 2.82898 -3.3667
7433.33 2.83181 -3.36984
7443.24 2.83463 -3.37297
7453.15 2.83745 -3.3761
7463.06 2.84027 -3.37923
7472.97 2.84309 -3.38235
7482.88 2.8459 -3.38547
7492.79 2.84872 -3.38859
7502.7 2.85152 -3.39171
7512.61 2.85433 -3.39482
7522.52 2.85713 -3.39793
7532.43 2.85993 -3.40104
7542.34 2.86273 -3.40414
7552.25 2.86553 -3.40724
7562.16 2.86832 -3.41034
7572.07 2.87111 -3.41344
7581.98 2.87389 -3.41653
7591.89 2.87668 -3.41962
7601.8 2.87946 -3.42271
7611.71 2.88224 -3.42579
7621.62 2.88501 -3.42887
7631.53 2.88779 -3.43195
7641.44 2.89056 -3.43503
7651.35 2.89333 -3.4381
7661.26 2.89609 -3.44117
7671.17 2.89886 -3.44424
7681.08 2.90162 -3.44731
7690.99 2.90437 -3.45037
7700.9 2.90713 -3.45343
7710.81 2.90988 -3.45648
7720.72 2.91263 -3.45954
7730.63 2.91538 -3.46259
7740.54 2.91812 -3.46564
7750.45 2.92086 -3.46869
7760.36 2.9236 -3.47173
7770.27 2.92634 -3.47477
7780.18 2.92907 -3.47781
7790.09 2.93181 -3.48085
7800 2.93454 -3.48388
7809.91 2.93726 -3.48691
7819.82 2.93999 -3.48994
7829.73 2.94271 -3.49296
7839.64 2.94543 -3.49599
7849.55 2.94814 -3.49901
7859.46 2.95086 -3.50202
7869.37 2.95357 -3.50504
7879.28 2.95628 -3.50805
7889.19 2.95899 -3.51106
7899.1 2.96169 -3.51407
7909.01 2.96439 -3.51707
7918.92 2.96709 -3.52007
7928.83 2.96979 -3.52307
7938.74 2.97248 -3.52607
7948.65 2.97518 -3.52906
7958.56 2.97786 -3.53206
7968.47 2.98055 -3.53505
7978.38 2.98324 -3.53803
7988.29 2.98592 -3.54102
7998.2 2.9886 -3.544
8008.11 2.99128 -3.54698
8018.02 2.99395 -3.54995
8027.93 2.99662 -3.55293
8037.84 2.9993 -3.5559
8047.75 3.00196 -3.55887
8057.66 3.00463 -3.56184
8067.57 3.00729 -3.5648
8077.48 3.00995 -3.56776
8087.39 3.01261 -3.57072
8097.3 3.01527 -3.57368
8107.21 3.01792 -3.57663
8117.12 3.02057 -3.57959
8127.03 3.02322 -3.58254
8136.94 3.02587 -3.58548
8146.85 3.02851 -3.58843
8156.76 3.03116 -3.59137
8166.67 3.0338 -3.59431
8176.58 3.03643 -3.59725
8186.49 3.03907 -3.60018
8196.4 3.0417 -3.60312
8206.31 3.04433 -3.60605
8216.22 3.04696 -3.60897
8226.13 3.04959 -3.6119
8236.04 3.05221 -3.61482
8245.95 3.05484 -3.61774
8255.86 3.05746 -3.62066
8265.77 3.06007 -3.62358
8275.68 3.06269 -3.62649
8285.59 3.0653 -3.6294
8295.5 3.06791 -3.63231
8305.41 3.07052 -3.63522
8315.32 3.07313 -3.63813
8325.23 3.07573 -3.64103
8335.14 3.07833 -3.64393
8345.05 3.08093 -3.64683
8354.95 3.08353 -3.64972
8364.86 3.08613 -3.65261
8374.77 3.08872 -3.65551
8384.68 3.09131 -3.65839
8394.59 3.0939 -3.66128
8404.5 3.09649 -3.66416
8414.41 3.09907 -3.66705
8424.32 3.10165 -3.66993
8434.23 3.10423 -3.6728
8444.14 3.10681 -3.67568
8454.05 3.10939 -3.67855
8463.96 3.11196 -3.68142
8473.87 3.11453 -3.68429
8483.78 3.1171 -3.68716
8493.69 3.11967 -3.69002
8503.6 3.12223 -3.69288
8513.51 3.1248 -3.69574
8523.42 3.12736 -3.6986
8533.33 3.12992 -3.70145
8543.24 3.13248 -3.70431
8553.15 3.13503 -3.70716
8563.06 3.13758 -3.71
8572.97 3.14013 -3.71285
8582.88 3.14268 -3.71569
8592.79 3.14523 -3.71854
8602.7 3.14777 -3.72138
8612.61 3.15032 -3.72421
8622.52 3.15286 -3.72705
8632.43 3.1554 -3.72988
8642.34 3.15793 -3.73271
8652.25 3.16047 -3.73554
8662.16 3.163 -3.73837
8672.07 3.16553 -3.74119
8681.98 3.16806 -3.74402
8691.89 3.17058 -3.74684
8701.8 3.17311 -3.74966
8711.71 3.17563 -3.75247
8721.62 3.17815 -3.75529
8731.53 3.18067 -3.7581
8741.44 3.18319 -3.76091
8751.35 3.1857 -3.76372
8761.26 3.18821 -3.76652
8771.17 3.19072 -3.76933
8781.08 3.19323 -3.77213
8790.99 3.19574 -3.77493
8800.9 3.19824 -3.77772
8810.81 3.20074 -3.78052
8820.72 3.20324 -3.78331
8830.63 3.20574 -3.7861
8840.54 3.20824 -3.78889
8850.45 3.21073 -3.79168
8860.36 3.21323 -3.79446
8870.27 3.21572 -3.79725
8880.18 3.21821 -3.80003
8890.09 3.22069 -3.80281
8900 3.22318 -3.80558
8909.91 3.22566 -3.80836
8919.82 3.22814 -3.81113
8929.73 3.23062 -3.8139
8939.64 3.2331 -3.81667
8949.55 3.23558 -3.81944
8959.46 3.23805 -3.8222
8969.37 3.24052 -3.82497
8979.28 3.24299 -3.82773
8989.19 3.24546 -3.83049
8999.1 3.24793 -3.83324
9009.01 3.25039 -3.836
9018.92 3.25285 -3.83875
9028.83 3.25531 -3.8415
9038.74 3.25777 -3.84425
9048.65 3.26023 -3.847
9058.56 3.26268 -3.84974
9068.47 3.26514 -3.85249
9078.38 3.26759 -3.85523
9088.29 3.27004 -3.85797
9098.2 3.27249 -3.8607
9108.11 3.27493 -3.86344
9118.02 3.27738 -3.86617
9127.93 3.27982 -3.86891
9137.84 3.28226 -3.87163
9147.75 3.2847 -3.87436
9157.66 3.28713 -3.87709
9167.57 3.28957 -3.87981
9177.48 3.292 -3.88253
9187.39 3.29443 -3.88525
9197.3 3.29686 -3.88797
9207.21 3.29929 -3.89069
9217.12 3.30172 -3.8934
9227.03 3.30414 -3.89612
9236.94 3.30656 -3.89883
9246.85 3.30899 -3.90153
9256.76 3.3114 -3.90424
9266.67 3.31382 -3.90695
9276.58 3.31624 -3.90965
9286.49 3.31865 -3.91235
9296.4 3.32106 -3.91505
9306.31 3.32347 -3.91775
9316.22 3.32588 -3.92044
9326.13 3.32829 -3.92314
9336.04 3.33069 -3.92583
9345.95 3.3331 -3.92852
9355.86 3.3355 -3.93121
9365.77 3.3379 -3.93389
9375.68 3.3403 -3.93658
9385.59 3.34269 -3.93926
9395.5 3.34509 -3.94194
9405.41 3.34748 -3.94462
9415.32 3.34987 -3.9473
9425.23 3.35226 -3.94997
9435.14 3.35465 -3.95265
9445.05 3.35703 -3.95532
9454.95 3.35942 -3.95799
9464.86 3.3618 -3.96066
9474.77 3.36418 -3.96332
9484.68 3.36656 -3.96599
9494.59 3.36894 -3.96865
9504.5 3.37132 -3.97131
9514.41 3.37369 -3.97397
9524.32 3.37606 -3.97663
9534.23 3.37843 -3.97929
9544.14 3.3808 -3.98194
9554.05 3.38317 -3.98459
9563.96 3.38554 -3.98724
9573.87 3.3879 -3.98989
9583.78 3.39026 -3.99254
9593.69 3.39262 -3.99518
9603.6 3.39498 -3.99783
9613.51 3.39734 -4.00047
9623.42 3.3997 -4.00311
9633.33 3.40205 -4.00575
9643.24 3.40441 -4.00838
9653.15 3.40676 -4.01102
9663.06 3.40911 -4.01365
9672.97 3.41146 -4.01628
9682.88 3.4138 -4.01891
9692.79 3.41615 -4.02154
9702.7 3.41849 -4.02417
9712.61 3.42083 -4.02679
9722.52 3.42317 -4.02941
9732.43 3.42551 -4.03203
9742.34 3.42785 -4.03465
9752.25 3.43018 -4.03727
9762.16 3.43252 -4.03989
9772.07 3.43485 -4.0425
9781.98 3.43718 -4.04511
9791.89 3.43951 -4.04772
9801.8 3.44183 -4.05033
9811.71 3.44416 -4.05294
9821.62 3.44648 -4.05555
9831.53 3.44881 -4.05815
9841.44 3.45113 -4.06075
9851.35 3.45345 -4.06336
9861.26 3.45577 -4.06595
9871.17 3.45808 -4.06855
9881.08 3.4604 -4.07115
9890.99 3.46271 -4.07374
9900.9 3.46502 -4.07633
9910.81 3.46733 -4.07893
9920.72 3.46964 -4.08151
9930.63 3.47195 -4.0841
9940.54 3.47425 -4.08669
9950.45 3.47656 -4.08927
9960.36 3.47886 -4.09186
9970.27 3.48116 -4.09444
9980.18 3.48346 -4.09702
9990.09 3.48576 -4.09959
10000 3.48806 -4.10217
