300 0.215028 6.76852
307.778 0.205946 6.58716
315.556 0.196348 6.40685
323.333 0.185488 6.25584
331.111 0.174197 6.10111
338.889 0.162738 5.94337
346.667 0.157137 5.80216
354.444 0.15135 5.65743
362.222 0.14536 5.50889
370 0.144339 5.37929
377.778 0.143686 5.24797
385.556 0.143094 5.11327
393.333 0.143961 5.01652
401.111 0.1452 4.92652
408.889 0.146535 4.83486
416.667 0.147977 4.74142
424.444 0.144731 4.61783
432.222 0.141338 4.49041
440 0.139952 4.38433
447.778 0.13992 4.29183
455.556 0.139955 4.19729
463.333 0.138572 4.10718
471.111 0.135718 4.02157
478.889 0.132803 3.9341
486.667 0.129776 3.8529
494.444 0.126609 3.78298
502.222 0.123366 3.71174
510 0.120896 3.64119
517.778 0.12055 3.57453
525.556 0.120234 3.50661
533.333 0.120485 3.43866
541.111 0.123244 3.37538
548.889 0.126154 3.3109
556.667 0.129018 3.24589
564.444 0.129285 3.18912
572.222 0.129605 3.13132
580 0.129983 3.07243
587.778 0.129945 3.01277
595.556 0.129937 2.95191
603.333 0.129987 2.88978
611.111 0.130482 2.83725
618.889 0.131112 2.7858
626.667 0.131812 2.73337
634.444 0.134707 2.68245
642.222 0.138491 2.63141
650 0.142479 2.57938
657.778 0.146316 2.53015
665.556 0.150134 2.48225
673.333 0.15416 2.43342
681.111 0.157226 2.37434
688.889 0.158072 2.29399
696.667 0.159188 2.21075
704.444 0.161674 2.15347
712.222 0.165825 2.1374
720 0.170046 2.12122
727.778 0.172955 2.09453
735.556 0.172872 2.0439
743.333 0.172895 1.992
751.111 0.174168 1.94086
758.889 0.179949 1.89669
766.667 0.186107 1.85151
774.444 0.192222 1.80563
782.222 0.194538 1.76189
790 0.197096 1.71707
797.778 0.199931 1.67107
805.556 0.195662 1.65129
813.333 0.191145 1.63192
821.111 0.186546 1.61232
828.889 0.191758 1.56386
836.667 0.198916 1.50999
844.444 0.206867 1.45427
852.222 0.214883 1.394
860 0.223746 1.33035
867.778 0.234031 1.26383
875.556 0.246075 1.19067
883.333 0.260991 1.1114
891.111 0.282509 1.02631
898.889 0.309029 0.937401
906.667 0.36934 0.815677
914.444 0.464838 0.713604
922.222 0.567629 0.636181
930 0.688558 0.573325
937.778 0.807205 0.528448
945.556 0.972526 0.507115
953.333 1.11272 0.53079
961.111 1.22936 0.578112
968.889 1.33947 0.665562
976.667 1.40842 0.740962
984.444 1.45891 0.816169
992.222 1.49771 0.889985
1000 1.5144 0.962024
1007.78 1.52048 1.0243
1015.56 1.519 1.07999
1023.33 1.51288 1.11542
1031.11 1.50741 1.15065
1038.89 1.50256 1.18564
1046.67 1.49433 1.20985
1054.44 1.48585 1.23255
1062.22 1.47767 1.25525
1070 1.46699 1.27256
