   9.9930819e+03   2.3168700e-01   6.8139200e+00
   9.7405421e+03   2.2038500e-01   6.6240900e+00
   9.5004518e+03   2.0980300e-01   6.4432000e+00
   9.2719412e+03   1.9991500e-01   6.2705700e+00
   9.0541377e+03   1.9070000e-01   6.1055600e+00
   8.8463319e+03   1.8214300e-01   5.9476200e+00
   8.6478511e+03   1.7423400e-01   5.7962500e+00
   8.4581050e+03   1.6696300e-01   5.6510100e+00
   8.2764840e+03   1.6032200e-01   5.5114800e+00
   8.1024989e+03   1.5430500e-01   5.3773100e+00
   7.9356780e+03   1.4890300e-01   5.2481700e+00
   7.7755879e+03   1.4410700e-01   5.1237600e+00
   7.6218486e+03   1.3990500e-01   5.0038300e+00
   7.4740523e+03   1.3628300e-01   4.8881300e+00
   7.3318788e+03   1.3322500e-01   4.7764400e+00
   7.1950132e+03   1.3071100e-01   4.6685600e+00
   7.0631805e+03   1.2871700e-01   4.5643100e+00
   6.9360759e+03   1.2721800e-01   4.4635200e+00
   6.8134650e+03   1.2618700e-01   4.3660300e+00
   6.6951136e+03   1.2559200e-01   4.2717000e+00
   6.5808036e+03   1.2540200e-01   4.1803800e+00
   6.4703455e+03   1.2558300e-01   4.0919500e+00
   6.3635207e+03   1.2610100e-01   4.0062800e+00
   6.2601659e+03   1.2692000e-01   3.9232600e+00
   6.1601148e+03   1.2800700e-01   3.8427600e+00
   6.0632237e+03   1.2932600e-01   3.7646900e+00
   5.9693215e+03   1.3084500e-01   3.6889400e+00
   5.8782835e+03   1.3253000e-01   3.6154000e+00
   5.7899806e+03   1.3435100e-01   3.5439800e+00
   5.7042914e+03   1.3627800e-01   3.4745700e+00
   5.6211121e+03   1.3828400e-01   3.4071000e+00
   5.5403135e+03   1.4034300e-01   3.3414600e+00
   5.4618048e+03   1.4243100e-01   3.2775700e+00
   5.3854900e+03   1.4452600e-01   3.2153400e+00
   5.3112879e+03   1.4660700e-01   3.1546900e+00
   5.2390935e+03   1.4865600e-01   3.0955500e+00
   5.1688355e+03   1.5065700e-01   3.0378300e+00
   5.1004369e+03   1.5259500e-01   2.9814500e+00
   5.0338248e+03   1.5445600e-01   2.9263500e+00
   4.9689385e+03   1.5622900e-01   2.8724500e+00
   4.9056957e+03   1.5790100e-01   2.8196900e+00
   4.8440424e+03   1.5946500e-01   2.7679800e+00
   4.7839197e+03   1.6091100e-01   2.7172800e+00
   4.7252785e+03   1.6223300e-01   2.6675000e+00
   4.6680503e+03   1.6342300e-01   2.6185900e+00
   4.6121917e+03   1.6447600e-01   2.5704800e+00
   4.5576541e+03   1.6538700e-01   2.5231000e+00
   4.5043912e+03   1.6615100e-01   2.4764100e+00
   4.4523654e+03   1.6676600e-01   2.4303200e+00
   4.4015213e+03   1.6722700e-01   2.3847800e+00
   4.3518253e+03   1.6753400e-01   2.3397200e+00
   4.3032390e+03   1.6768400e-01   2.2950700e+00
   4.2557316e+03   1.6767600e-01   2.2507600e+00
   4.2092558e+03   1.6751100e-01   2.2067300e+00
   4.1637841e+03   1.6719000e-01   2.1629000e+00
   4.1192844e+03   1.6671500e-01   2.1191800e+00
   4.0757258e+03   1.6609100e-01   2.0755000e+00
   4.0330842e+03   1.6532300e-01   2.0317600e+00
   3.9913203e+03   1.6442100e-01   1.9878600e+00
   3.9504125e+03   1.6339700e-01   1.9437000e+00
   3.9103347e+03   1.6226800e-01   1.8991600e+00
   3.8710670e+03   1.6105500e-01   1.8541000e+00
   3.8325751e+03   1.5978900e-01   1.8083900e+00
   3.7948412e+03   1.5850800e-01   1.7618500e+00
   3.7578431e+03   1.5726600e-01   1.7143000e+00
   3.7215595e+03   1.5613000e-01   1.6655200e+00
   3.6859744e+03   1.5519400e-01   1.6152600e+00
   3.6510588e+03   1.5458000e-01   1.5632300e+00
   3.6167986e+03   1.5445600e-01   1.5090900e+00
   3.5831754e+03   1.5504800e-01   1.4524400e+00
   3.5501757e+03   1.5666800e-01   1.3928000e+00
   3.5177742e+03   1.5975100e-01   1.3295900e+00
   3.4859588e+03   1.6492000e-01   1.2621100e+00
   3.4547137e+03   1.7307800e-01   1.1895400e+00
   3.4240238e+03   1.8558200e-01   1.1108800e+00
   3.3938782e+03   2.0453500e-01   1.0250400e+00
   3.3642549e+03   2.3329900e-01   9.3098700e-01
   3.3351444e+03   2.7732700e-01   8.2859800e-01
   3.3065332e+03   3.4485500e-01   7.2100900e-01
   3.2784124e+03   4.4415900e-01   6.1953200e-01
   3.2507624e+03   5.7238600e-01   5.4334200e-01
   3.2235748e+03   7.1185800e-01   5.0282000e-01
   3.1968382e+03   8.4732800e-01   4.9314200e-01
   3.1705415e+03   9.7291100e-01   5.0624600e-01
   3.1446772e+03   1.0871400e+00   5.3661400e-01
   3.1192282e+03   1.1895200e+00   5.8092100e-01
   3.0941879e+03   1.2794100e+00   6.3689100e-01
   3.0695463e+03   1.3559100e+00   7.0251000e-01
   3.0452972e+03   1.4179900e+00   7.7558400e-01
   3.0214252e+03   1.4648500e+00   8.5355800e-01
   2.9979246e+03   1.4961400e+00   9.3353600e-01
   2.9747808e+03   1.5122400e+00   1.0124900e+00
   2.9519916e+03   1.5143200e+00   1.0875700e+00
   2.9295775e+03   1.5042300e+00   1.1564000e+00
   2.9074731e+03   1.4842900e+00   1.2172900e+00
   2.8856997e+03   1.4569500e+00   1.2693300e+00
   2.8642500e+03   1.4245800e+00   1.3122900e+00
   2.8431438e+03   1.3892300e+00   1.3465000e+00
   2.8223198e+03   1.3525700e+00   1.3726600e+00
   2.8017987e+03   1.3158700e+00   1.3916300e+00
