# Figure of merit file, FOM = 350.000000
generated from figure of merit 
0.059841 0.010000
0.070231 0.013308
0.079695 0.016615
0.088512 0.019923
0.096848 0.023231
0.104811 0.026538
0.112475 0.029846
0.119895 0.033154
0.127112 0.036462
0.134157 0.039769
0.141057 0.043077
0.147831 0.046385
0.154497 0.049692
0.161069 0.053000
0.167560 0.056308
0.173978 0.059615
0.180334 0.062923
0.186634 0.066231
0.192887 0.069538
0.199097 0.072846
0.205271 0.076154
0.211412 0.079462
0.217527 0.082769
0.223618 0.086077
0.229689 0.089385
0.235743 0.092692
0.241784 0.096000
0.247815 0.099308
0.253837 0.102615
0.259854 0.105923
0.265868 0.109231
0.271880 0.112538
0.277893 0.115846
0.283909 0.119154
0.289930 0.122462
0.295957 0.125769
0.301991 0.129077
0.308035 0.132385
0.314090 0.135692
0.320157 0.139000
0.326238 0.142308
0.332334 0.145615
0.338446 0.148923
0.344575 0.152231
0.350723 0.155538
0.356891 0.158846
0.363080 0.162154
0.369291 0.165462
0.375525 0.168769
0.381783 0.172077
0.388066 0.175385
0.394375 0.178692
0.400712 0.182000
0.407077 0.185308
0.413471 0.188615
0.419895 0.191923
0.426350 0.195231
0.432837 0.198538
0.439357 0.201846
0.445910 0.205154
0.452499 0.208462
0.459123 0.211769
0.465784 0.215077
0.472482 0.218385
0.479218 0.221692
0.485994 0.225000
0.492810 0.228308
0.499667 0.231615
0.506566 0.234923
0.513509 0.238231
0.520494 0.241538
0.527525 0.244846
0.534602 0.248154
0.541725 0.251462
0.548895 0.254769
0.556114 0.258077
0.563383 0.261385
0.570702 0.264692
0.578072 0.268000
0.585495 0.271308
0.592970 0.274615
0.600501 0.277923
0.608086 0.281231
0.615728 0.284538
0.623427 0.287846
0.631185 0.291154
0.639002 0.294462
0.646880 0.297769
0.654819 0.301077
0.662821 0.304385
0.670887 0.307692
0.679017 0.311000
0.687214 0.314308
0.695478 0.317615
0.703810 0.320923
0.712212 0.324231
0.720684 0.327538
0.729229 0.330846
0.737847 0.334154
0.746539 0.337462
0.755308 0.340769
0.764153 0.344077
0.773077 0.347385
0.782081 0.350692
0.791166 0.354000
0.800333 0.357308
0.809585 0.360615
0.818922 0.363923
0.828346 0.367231
0.837859 0.370538
0.847462 0.373846
0.857156 0.377154
0.866944 0.380462
0.876826 0.383769
0.886805 0.387077
0.896883 0.390385
0.907060 0.393692
0.917339 0.397000
0.927722 0.400308
0.938210 0.403615
0.948806 0.406923
0.959510 0.410231
0.970326 0.413538
0.981255 0.416846
0.992299 0.420154
1.003461 0.423462
1.014742 0.426769
1.026145 0.430077
1.037672 0.433385
1.049324 0.436692
1.061106 0.440000
1.073018 0.443308
1.085064 0.446615
1.097246 0.449923
1.109566 0.453231
1.122027 0.456538
1.134632 0.459846
1.147383 0.463154
1.160284 0.466462
1.173337 0.469769
1.186546 0.473077
1.199912 0.476385
1.213440 0.479692
1.227132 0.483000
1.240993 0.486308
1.255024 0.489615
1.269230 0.492923
1.283614 0.496231
1.298179 0.499538
1.312930 0.502846
1.327871 0.506154
1.343004 0.509462
1.358335 0.512769
1.373867 0.516077
1.389604 0.519385
1.405552 0.522692
1.421713 0.526000
1.438094 0.529308
1.454698 0.532615
1.471531 0.535923
1.488597 0.539231
1.505902 0.542538
1.523451 0.545846
1.541250 0.549154
1.559303 0.552462
1.577617 0.555769
1.596198 0.559077
1.615052 0.562385
1.634184 0.565692
1.653603 0.569000
1.673314 0.572308
1.693324 0.575615
1.713640 0.578923
1.734270 0.582231
1.755221 0.585538
1.776502 0.588846
1.798119 0.592154
1.820083 0.595462
1.842400 0.598769
1.865080 0.602077
1.888133 0.605385
1.911567 0.608692
1.935393 0.612000
1.959620 0.615308
1.984260 0.618615
2.009323 0.621923
2.034821 0.625231
2.060764 0.628538
2.087165 0.631846
2.114038 0.635154
2.141394 0.638462
2.169246 0.641769
2.197611 0.645077
2.226500 0.648385
2.255930 0.651692
2.285917 0.655000
2.316476 0.658308
2.347624 0.661615
2.379379 0.664923
2.411759 0.668231
2.444782 0.671538
2.478470 0.674846
2.512842 0.678154
2.547919 0.681462
2.583724 0.684769
2.620280 0.688077
2.657611 0.691385
2.695743 0.694692
2.734702 0.698000
2.774515 0.701308
2.815211 0.704615
2.856820 0.707923
2.899374 0.711231
2.942906 0.714538
2.987450 0.717846
3.033041 0.721154
3.079719 0.724462
3.127522 0.727769
3.176492 0.731077
3.226673 0.734385
3.278111 0.737692
3.330853 0.741000
3.384951 0.744308
3.440458 0.747615
3.497430 0.750923
3.555927 0.754231
3.616010 0.757538
3.677746 0.760846
3.741203 0.764154
3.806457 0.767462
3.873585 0.770769
3.942668 0.774077
4.013795 0.777385
4.087057 0.780692
4.162553 0.784000
4.240387 0.787308
4.320671 0.790615
4.403521 0.793923
4.489065 0.797231
4.577435 0.800538
4.668775 0.803846
4.763237 0.807154
4.860986 0.810462
4.962196 0.813769
5.067056 0.817077
5.175766 0.820385
5.288545 0.823692
5.405624 0.827000
5.527256 0.830308
5.653713 0.833615
5.785287 0.836923
5.922298 0.840231
6.065089 0.843538
6.214035 0.846846
6.369545 0.850154
6.532062 0.853462
6.702072 0.856769
6.880107 0.860077
7.066750 0.863385
7.262640 0.866692
7.468486 0.870000
7.685065 0.873308
7.913242 0.876615
8.153974 0.879923
8.408330 0.883231
8.677500 0.886538
8.962820 0.889846
9.265788 0.893154
9.588098 0.896462
9.931663 0.899769
10.298660 0.903077
10.691572 0.906385
11.113248 0.909692
11.566969 0.913000
12.056533 0.916308
12.586365 0.919615
13.161651 0.922923
13.788504 0.926231
14.474186 0.929538
15.227391 0.932846
16.058614 0.936154
16.980642 0.939462
18.009220 0.942769
19.163957 0.946077
20.469584 0.949385
21.957754 0.952692
23.669633 0.956000
25.659776 0.959308
28.002041 0.962615
30.798967 0.965923
34.197182 0.969231
38.413958 0.972538
43.785583 0.975846
50.861784 0.979154
60.606992 0.982462
74.882298 0.985769
97.803073 0.989077
140.634630 0.992385
249.242873 0.995692
1076.334933 0.999000
