1.10E+00	3.43E-02
1.09E+00	3.37E-02
1.08E+00	3.31E-02
1.07E+00	3.26E-02
1.06E+00	3.21E-02
1.05E+00	3.16E-02
1.04E+00	3.11E-02
1.03E+00	3.06E-02
1.02E+00	3.01E-02
1.01E+00	2.96E-02
9.99E-01	2.91E-02
9.89E-01	2.85E-02
9.79E-01	2.80E-02
9.69E-01	2.76E-02
9.59E-01	2.71E-02
9.49E-01	2.66E-02
9.39E-01	2.61E-02
9.29E-01	2.56E-02
9.19E-01	2.51E-02
9.09E-01	2.46E-02
8.99E-01	2.41E-02
8.89E-01	2.37E-02
8.79E-01	2.32E-02
8.69E-01	2.27E-02
8.59E-01	2.23E-02
8.49E-01	2.18E-02
8.39E-01	2.14E-02
8.29E-01	2.09E-02
8.19E-01	2.05E-02
8.09E-01	2.00E-02
7.99E-01	1.96E-02
7.89E-01	1.91E-02
7.79E-01	1.87E-02
7.69E-01	1.83E-02
7.59E-01	1.79E-02
7.49E-01	1.75E-02
7.39E-01	1.71E-02
7.29E-01	1.67E-02
7.19E-01	1.63E-02
7.09E-01	1.59E-02
6.99E-01	1.55E-02
6.89E-01	1.51E-02
6.79E-01	1.48E-02
6.69E-01	1.44E-02
6.59E-01	1.41E-02
6.49E-01	1.37E-02
6.39E-01	1.34E-02
6.29E-01	1.31E-02
6.19E-01	1.28E-02
6.09E-01	1.25E-02
5.99E-01	1.22E-02
5.89E-01	1.19E-02
5.79E-01	1.16E-02
5.69E-01	1.13E-02
5.59E-01	1.10E-02
5.49E-01	1.08E-02
5.39E-01	1.05E-02
5.29E-01	1.03E-02
5.19E-01	1.00E-02
5.09E-01	9.78E-03
4.99E-01	9.55E-03
4.89E-01	9.32E-03
4.79E-01	9.09E-03
4.69E-01	8.86E-03
4.59E-01	8.64E-03
4.49E-01	8.42E-03
4.39E-01	8.20E-03
4.29E-01	7.99E-03
4.19E-01	7.78E-03
4.09E-01	7.57E-03
3.99E-01	7.36E-03
3.89E-01	7.16E-03
3.79E-01	6.95E-03
3.69E-01	6.75E-03
3.59E-01	6.55E-03
3.49E-01	6.36E-03
3.39E-01	6.16E-03
3.29E-01	5.96E-03
3.19E-01	5.77E-03
3.09E-01	5.58E-03
2.99E-01	5.39E-03
2.89E-01	5.19E-03
2.79E-01	5.00E-03
2.69E-01	4.82E-03
2.59E-01	4.62E-03
2.49E-01	4.44E-03
2.39E-01	4.25E-03
2.29E-01	4.07E-03
2.19E-01	3.88E-03
2.09E-01	3.70E-03
1.99E-01	3.52E-03
1.89E-01	3.34E-03
1.79E-01	3.16E-03
1.69E-01	2.98E-03
1.59E-01	2.80E-03
1.49E-01	2.62E-03
1.39E-01	2.44E-03
1.29E-01	2.27E-03
1.19E-01	2.09E-03
1.09E-01	1.91E-03
9.94E-02	1.74E-03
8.94E-02	1.56E-03
7.94E-02	1.38E-03
6.94E-02	1.21E-03
5.94E-02	1.03E-03
4.95E-02	8.60E-04
3.95E-02	6.85E-04
2.95E-02	5.11E-04
1.95E-02	3.37E-04
9.41E-03	1.63E-04
-5.30E-04	-1.03E-05
-9.75E-03	-6.55E-05
-2.04E-02	-3.56E-04
-3.03E-02	-5.29E-04
-4.02E-02	-6.55E-04
-5.05E-02	-8.74E-04
-6.05E-02	-1.05E-03
-7.05E-02	-1.22E-03
-8.04E-02	-1.39E-03
-9.04E-02	-1.56E-03
-1.00E-01	-1.73E-03
-1.10E-01	-1.91E-03
-1.20E-01	-2.08E-03
-1.30E-01	-2.25E-03
-1.40E-01	-2.42E-03
-1.50E-01	-2.59E-03
-1.60E-01	-2.76E-03
-1.70E-01	-2.93E-03
-1.80E-01	-3.11E-03
-1.90E-01	-3.28E-03
-2.00E-01	-3.45E-03
-2.10E-01	-3.62E-03
-2.20E-01	-3.79E-03
-2.30E-01	-3.96E-03
-2.40E-01	-4.13E-03
-2.50E-01	-4.30E-03
-2.60E-01	-4.47E-03
-2.70E-01	-4.64E-03
-2.80E-01	-4.81E-03
-2.90E-01	-4.98E-03
-3.00E-01	-5.15E-03
-3.10E-01	-5.32E-03
-3.20E-01	-5.49E-03
-3.31E-01	-5.66E-03
-3.40E-01	-5.83E-03
-3.50E-01	-6.00E-03
-3.61E-01	-6.17E-03
-3.71E-01	-6.34E-03
-3.80E-01	-6.51E-03
-3.90E-01	-6.68E-03
-4.00E-01	-6.85E-03
-4.11E-01	-7.02E-03
-4.21E-01	-7.19E-03
-4.30E-01	-7.35E-03
-4.40E-01	-7.53E-03
-4.50E-01	-7.69E-03
-4.60E-01	-7.87E-03
-4.70E-01	-8.03E-03
-4.80E-01	-8.20E-03
-4.90E-01	-8.37E-03
-5.00E-01	-8.54E-03
-5.11E-01	-8.71E-03
-5.21E-01	-8.88E-03
-5.31E-01	-9.05E-03
-5.40E-01	-9.22E-03
-5.50E-01	-9.38E-03
-5.60E-01	-9.56E-03
-5.71E-01	-9.72E-03
-5.81E-01	-9.89E-03
-5.90E-01	-1.01E-02
-6.00E-01	-1.02E-02
-6.10E-01	-1.04E-02
-6.21E-01	-1.06E-02
-6.30E-01	-1.07E-02
-6.40E-01	-1.09E-02
-6.50E-01	-1.11E-02
-6.60E-01	-1.12E-02
-6.70E-01	-1.14E-02
-6.80E-01	-1.16E-02
-6.90E-01	-1.17E-02
-7.00E-01	-1.19E-02
-7.10E-01	-1.21E-02
-7.20E-01	-1.22E-02
-7.31E-01	-1.24E-02
-7.40E-01	-1.26E-02
-7.50E-01	-1.27E-02
-7.60E-01	-1.29E-02
-7.70E-01	-1.31E-02
-7.80E-01	-1.32E-02
-7.90E-01	-1.34E-02
-8.00E-01	-1.36E-02
-8.10E-01	-1.37E-02
-8.20E-01	-1.39E-02
-8.30E-01	-1.41E-02
-8.40E-01	-1.43E-02
-8.50E-01	-1.44E-02
-8.60E-01	-1.46E-02
-8.70E-01	-1.47E-02
-8.80E-01	-1.49E-02
-8.90E-01	-1.51E-02
-9.00E-01	-1.53E-02
-9.10E-01	-1.54E-02
-9.20E-01	-1.56E-02
-9.30E-01	-1.58E-02
-9.40E-01	-1.59E-02
-9.50E-01	-1.61E-02
-9.60E-01	-1.63E-02
-9.70E-01	-1.64E-02
-9.80E-01	-1.66E-02
-9.90E-01	-1.68E-02
-1.00E+00	-1.69E-02
-1.01E+00	-1.71E-02
-1.02E+00	-1.73E-02
-1.03E+00	-1.74E-02
-1.04E+00	-1.76E-02
-1.05E+00	-1.77E-02
-1.06E+00	-1.79E-02
-1.07E+00	-1.81E-02
-1.08E+00	-1.82E-02
-1.09E+00	-1.84E-02
-1.10E+00	-1.86E-02
