20010 3.51946 0.0655991
19831.2 3.51979 0.0659324
19655.6 3.52012 0.0662576
19483.1 3.52046 0.0665745
19313.6 3.52081 0.0668831
19147 3.52116 0.0671833
18983.3 3.52152 0.0674748
18822.3 3.52188 0.0677575
18664.1 3.52225 0.0680315
18508.5 3.52263 0.0682964
18355.4 3.52302 0.0685522
18204.9 3.52341 0.0687988
18056.8 3.52381 0.0690361
17911.1 3.52422 0.0692638
17767.8 3.52464 0.0694819
17626.7 3.52506 0.0696903
17487.8 3.52549 0.0698887
17351.1 3.52593 0.0700772
17216.6 3.52638 0.0702555
17084.1 3.52684 0.0704236
16953.6 3.52731 0.0705813
16825.1 3.52778 0.0707284
16698.5 3.52827 0.0708648
16573.9 3.52876 0.0709905
16451 3.52927 0.0711053
16330 3.52978 0.0712089
16210.8 3.53031 0.0713015
16093.3 3.53084 0.0713826
15977.4 3.53139 0.0714524
15863.2 3.53194 0.0715106
15750.7 3.53251 0.0715571
15639.7 3.53309 0.0715918
15530.3 3.53369 0.0716145
15422.4 3.53429 0.0716252
15316 3.53491 0.0716237
15211.1 3.53554 0.0716099
15107.5 3.53618 0.0715837
15005.4 3.53684 0.0715449
14904.7 3.5375 0.0714935
14805.3 3.53819 0.0714294
14707.2 3.53889 0.0713524
14610.4 3.5396 0.0712624
14514.8 3.54033 0.0711593
14420.6 3.54107 0.0710431
14327.5 3.54183 0.0709135
14235.6 3.5426 0.0707707
14144.9 3.5434 0.0706144
14055.3 3.54421 0.0704446
13966.9 3.54503 0.0702611
13879.6 3.54588 0.070064
13793.3 3.54674 0.0698532
13708.2 3.54762 0.0696285
13624 3.54852 0.06939
13540.9 3.54944 0.0691375
13458.8 3.55038 0.0688711
13377.7 3.55134 0.0685907
13297.6 3.55232 0.0682963
13218.4 3.55332 0.0679878
13140.2 3.55435 0.0676653
13062.8 3.55539 0.0673287
12986.4 3.55647 0.0669781
12910.9 3.55756 0.0666134
12836.2 3.55868 0.0662346
12762.4 3.55982 0.0658419
12689.5 3.56099 0.0654352
12617.4 3.56218 0.0650147
12546 3.5634 0.0645803
12475.5 3.56465 0.0641321
12405.8 3.56592 0.0636703
12336.9 3.56723 0.063195
12268.7 3.56856 0.0627062
12201.3 3.56992 0.0622041
12134.6 3.57131 0.0616889
12068.6 3.57274 0.0611606
12003.3 3.57419 0.0606196
11938.8 3.57568 0.060066
11874.9 3.5772 0.0594999
11811.7 3.57875 0.0589217
11749.2 3.58033 0.0583316
11687.4 3.58196 0.0577298
11626.1 3.58361 0.0571167
11565.6 3.58531 0.0564925
11505.6 3.58704 0.0558576
11446.3 3.58881 0.0552124
11387.6 3.59061 0.0545572
11329.5 3.59246 0.0538924
11271.9 3.59435 0.0532184
11215 3.59627 0.0525358
11158.6 3.59824 0.0518449
11102.8 3.60025 0.0511462
11047.6 3.60231 0.0504404
10992.8 3.60441 0.0497278
10938.7 3.60655 0.0490092
10885 3.60874 0.0482852
10831.9 3.61097 0.0475563
10779.3 3.61325 0.0468232
10727.2 3.61558 0.0460866
10675.6 3.61796 0.0453474
10624.6 3.62038 0.0446061
10573.9 3.62286 0.0438636
10523.8 3.62539 0.0431208
10474.2 3.62797 0.0423784
10425 3.6306 0.0416374
10376.2 3.63328 0.0408987
10328 3.63602 0.0401632
10280.1 3.63881 0.0394319
10232.8 3.64165 0.0387059
10185.8 3.64455 0.0379862
10139.3 3.64751 0.0372739
10093.2 3.65052 0.03657
10047.5 3.65359 0.0358759
10002.2 3.65672 0.0351926
9957.36 3.65991 0.0345213
9912.89 3.66316 0.0338634
9868.82 3.66646 0.0332201
9825.14 3.66983 0.0325927
9781.85 3.67325 0.0319826
9738.93 3.67674 0.0313911
9696.39 3.68029 0.0308198
9654.22 3.68389 0.0302699
9612.42 3.68756 0.0297431
9570.98 3.6913 0.0292407
9529.89 3.69509 0.0287643
9489.15 3.69895 0.0283155
9448.76 3.70286 0.0278959
9408.71 3.70684 0.0275069
9369 3.71089 0.0271504
9329.63 3.71499 0.0268278
9290.58 3.71916 0.0265408
9251.86 3.72339 0.0262912
9213.46 3.72768 0.0260806
9175.38 3.73204 0.0259106
9137.61 3.73645 0.0257831
9100.15 3.74093 0.0256997
9063 3.74546 0.0256622
9026.15 3.75006 0.0256722
8989.6 3.75472 0.0257315
8953.34 3.75943 0.0258418
8917.37 3.76421 0.0260049
8881.7 3.76904 0.0262224
8846.3 3.77392 0.0264961
8811.19 3.77887 0.0268276
8776.35 3.78387 0.0272186
8741.79 3.78892 0.0276708
8707.5 3.79403 0.0281859
8673.48 3.79919 0.0287653
8639.72 3.8044 0.0294108
8606.23 3.80965 0.0301238
8572.99 3.81496 0.0309059
8540.01 3.82032 0.0317587
8507.28 3.82572 0.0326834
8474.81 3.83116 0.0336816
8442.57 3.83665 0.0347545
8410.59 3.84217 0.0359036
8378.84 3.84774 0.0371301
8347.34 3.85335 0.0384352
8316.06 3.85899 0.0398201
8285.03 3.86466 0.0412859
8254.22 3.87037 0.0428335
8223.64 3.87611 0.0444641
8193.29 3.88188 0.0461786
8163.16 3.88767 0.0479777
8133.25 3.89349 0.0498624
8103.56 3.89933 0.0518333
8074.09 3.9052 0.053891
8044.83 3.91108 0.0560362
8015.78 3.91698 0.0582694
7986.94 3.92289 0.060591
7958.31 3.92882 0.0630014
7929.88 3.93476 0.0655009
7901.65 3.9407 0.0680896
7873.62 3.94665 0.0707678
7845.8 3.95261 0.0735355
7818.16 3.95857 0.0763927
7790.73 3.96453 0.0793394
7763.48 3.97049 0.0823753
7736.42 3.97644 0.0855002
7709.56 3.98239 0.0887139
7682.87 3.98833 0.092016
7656.37 3.99426 0.095406
7630.06 4.00018 0.0988835
7603.92 4.00609 0.102448
7577.97 4.01198 0.106098
7552.18 4.01785 0.109834
7526.58 4.0237 0.113655
7501.15 4.02953 0.11756
7475.88 4.03534 0.121548
7450.79 4.04112 0.125618
7425.87 4.04688 0.129769
7401.11 4.05261 0.134
7376.52 4.05831 0.13831
7352.09 4.06398 0.142699
7327.82 4.06961 0.147164
7303.71 4.07521 0.151704
7279.76 4.08078 0.156319
7255.96 4.08631 0.161007
7232.32 4.0918 0.165766
7208.83 4.09725 0.170596
7185.5 4.10267 0.175495
7162.32 4.10804 0.180461
7139.28 4.11337 0.185494
7116.4 4.11866 0.190592
7093.65 4.1239 0.195753
7071.06 4.1291 0.200976
7048.61 4.13425 0.206259
7026.3 4.13935 0.211602
7004.13 4.14441 0.217002
6982.1 4.14942 0.222459
6960.21 4.15439 0.22797
6938.45 4.1593 0.233534
6916.83 4.16417 0.23915
6895.35 4.16899 0.244817
6874 4.17375 0.250532
6852.77 4.17847 0.256295
6831.69 4.18314 0.262104
6810.73 4.18775 0.267958
6789.89 4.19232 0.273855
6769.19 4.19684 0.279794
6748.61 4.2013 0.285774
6728.16 4.20572 0.291794
6707.83 4.21008 0.297851
6687.62 4.21439 0.303946
6667.53 4.21866 0.310076
6647.56 4.22287 0.31624
6627.72 4.22704 0.322438
6607.99 4.23115 0.328668
6588.38 4.23522 0.334928
6568.88 4.23923 0.341219
6549.5 4.2432 0.347539
6530.23 4.24712 0.353886
6511.08 4.25099 0.36026
6492.04 4.25481 0.36666
6473.11 4.25859 0.373085
6454.29 4.26232 0.379535
6435.58 4.266 0.386007
6416.97 4.26964 0.392501
6398.48 4.27323 0.399017
6380.09 4.27678 0.405554
6361.8 4.28028 0.412111
6343.62 4.28374 0.418687
6325.55 4.28715 0.425282
6307.57 4.29053 0.431894
6289.7 4.29386 0.438524
6271.93 4.29715 0.445171
6254.26 4.30039 0.451834
6236.69 4.3036 0.458512
6219.22 4.30677 0.465206
6201.84 4.3099 0.471915
6184.56 4.31299 0.478638
6167.38 4.31604 0.485374
6150.29 4.31905 0.492124
6133.3 4.32203 0.498888
6116.4 4.32497 0.505664
6099.6 4.32787 0.512452
6082.88 4.33074 0.519253
6066.26 4.33358 0.526066
6049.73 4.33638 0.53289
6033.28 4.33914 0.539726
6016.93 4.34188 0.546573
6000.67 4.34458 0.553432
5984.49 4.34724 0.560301
5968.4 4.34988 0.567181
5952.4 4.35249 0.574072
5936.48 4.35506 0.580974
5920.64 4.35761 0.587887
5904.9 4.36012 0.59481
5889.23 4.36261 0.601744
5873.65 4.36507 0.608688
5858.15 4.3675 0.615643
5842.73 4.3699 0.622608
5827.39 4.37227 0.629584
5812.13 4.37462 0.636571
5796.96 4.37694 0.643569
5781.86 4.37924 0.650577
5766.84 4.38151 0.657597
5751.89 4.38375 0.664627
5737.03 4.38597 0.671669
5722.24 4.38817 0.678722
5707.53 4.39034 0.685786
5692.89 4.39248 0.692862
5678.33 4.39461 0.69995
5663.84 4.39671 0.70705
5649.43 4.39878 0.714162
5635.09 4.40084 0.721286
5620.82 4.40287 0.728423
5606.62 4.40487 0.735572
5592.5 4.40686 0.742735
5578.44 4.40883 0.74991
5564.46 4.41077 0.757099
5550.55 4.41269 0.764302
5536.7 4.41459 0.771519
5522.93 4.41647 0.77875
5509.22 4.41833 0.785995
5495.58 4.42017 0.793255
5482.01 4.42198 0.80053
5468.51 4.42378 0.80782
5455.07 4.42556 0.815125
5441.7 4.42731 0.822446
5428.39 4.42905 0.829784
5415.15 4.43076 0.837137
5401.97 4.43246 0.844507
5388.86 4.43413 0.851895
5375.81 4.43579 0.859299
5362.82 4.43742 0.866721
5349.9 4.43904 0.87416
5337.03 4.44063 0.881618
5324.23 4.4422 0.889094
5311.49 4.44376 0.896588
5298.81 4.44529 0.904102
5286.2 4.44681 0.911634
5273.64 4.4483 0.919187
5261.14 4.44977 0.926759
5248.7 4.45123 0.934351
5236.32 4.45266 0.941964
5224 4.45407 0.949598
5211.73 4.45546 0.957252
5199.53 4.45683 0.964928
5187.37 4.45818 0.972626
5175.28 4.45951 0.980345
5163.24 4.46082 0.988087
5151.26 4.4621 0.995851
5139.34 4.46336 1.00364
5127.47 4.46461 1.01145
5115.65 4.46582 1.01928
5103.89 4.46702 1.02714
5092.18 4.4682 1.03502
5080.53 4.46935 1.04292
5068.92 4.47048 1.05085
5057.38 4.47158 1.05881
5045.88 4.47266 1.06679
5034.44 4.47372 1.07479
5023.05 4.47475 1.08282
5011.71 4.47576 1.09087
5000.42 4.47674 1.09896
4989.18 4.4777 1.10706
4977.99 4.47864 1.1152
4966.85 4.47954 1.12336
4955.76 4.48042 1.13155
4944.72 4.48128 1.13976
4933.74 4.48211 1.148
4922.79 4.48291 1.15627
4911.9 4.48368 1.16457
4901.06 4.48442 1.17289
4890.26 4.48514 1.18125
4879.51 4.48582 1.18963
4868.81 4.48648 1.19804
4858.15 4.48711 1.20647
4847.54 4.48771 1.21494
4836.98 4.48827 1.22344
4826.47 4.48881 1.23196
4815.99 4.48931 1.24052
4805.57 4.48978 1.2491
4795.19 4.49022 1.25771
4784.85 4.49063 1.26636
4774.56 4.491 1.27503
4764.31 4.49134 1.28373
4754.11 4.49164 1.29246
4743.95 4.49191 1.30122
4733.83 4.49214 1.31001
4723.76 4.49234 1.31884
4713.73 4.4925 1.32769
4703.74 4.49262 1.33657
4693.8 4.4927 1.34548
4683.89 4.49275 1.35442
4674.03 4.49275 1.3634
4664.21 4.49272 1.3724
4654.43 4.49265 1.38143
4644.69 4.49253 1.39049
4634.99 4.49237 1.39959
4625.34 4.49217 1.40871
4615.72 4.49193 1.41786
4606.14 4.49165 1.42705
4596.6 4.49132 1.43626
4587.11 4.49095 1.4455
4577.65 4.49053 1.45477
4568.23 4.49006 1.46407
4558.85 4.48955 1.47341
4549.5 4.48899 1.48277
4540.2 4.48838 1.49215
4530.93 4.48773 1.50157
4521.7 4.48702 1.51102
4512.51 4.48627 1.52049
4503.36 4.48546 1.53
4494.24 4.48461 1.53953
4485.16 4.4837 1.54909
4476.11 4.48274 1.55868
4467.11 4.48172 1.56829
4458.14 4.48066 1.57793
4449.2 4.47953 1.5876
4440.3 4.47835 1.59729
4431.44 4.47712 1.60701
4422.61 4.47583 1.61676
4413.81 4.47448 1.62653
4405.06 4.47307 1.63633
4396.33 4.4716 1.64615
4387.64 4.47008 1.65599
4378.99 4.46849 1.66586
4370.37 4.46684 1.67575
4361.78 4.46514 1.68566
4353.23 4.46336 1.6956
4344.71 4.46153 1.70556
4336.22 4.45963 1.71553
4327.77 4.45767 1.72553
4319.34 4.45564 1.73555
4310.96 4.45355 1.74559
4302.6 4.45139 1.75565
4294.28 4.44916 1.76573
4285.99 4.44687 1.77582
4277.73 4.44451 1.78593
4269.5 4.44207 1.79606
4261.3 4.43957 1.8062
4253.14 4.437 1.81636
4245.01 4.43436 1.82653
4236.9 4.43164 1.83672
4228.83 4.42886 1.84692
4220.79 4.426 1.85713
4212.78 4.42307 1.86735
4204.8 4.42006 1.87759
4196.85 4.41698 1.88783
4188.93 4.41382 1.89808
4181.04 4.41059 1.90834
4173.18 4.40728 1.9186
4165.35 4.4039 1.92888
4157.55 4.40044 1.93915
4149.78 4.3969 1.94944
4142.04 4.39328 1.95972
4134.32 4.38959 1.97001
4126.64 4.38581 1.9803
4118.98 4.38196 1.99059
4111.35 4.37803 2.00088
4103.75 4.37401 2.01117
4096.18 4.36992 2.02145
4088.63 4.36574 2.03174
4081.12 4.36149 2.04201
4073.63 4.35715 2.05229
4066.17 4.35273 2.06255
4058.73 4.34822 2.07281
4051.33 4.34364 2.08306
4043.95 4.33897 2.0933
4036.59 4.33422 2.10352
4029.27 4.32939 2.11374
4021.96 4.32447 2.12394
4014.69 4.31947 2.13413
4007.44 4.31438 2.1443
4000.22 4.30922 2.15445
3993.03 4.30396 2.16459
3985.86 4.29863 2.1747
3978.71 4.29321 2.1848
3971.59 4.2877 2.19487
3964.5 4.28211 2.20493
3957.43 4.27644 2.21495
3950.39 4.27069 2.22495
3943.37 4.26485 2.23493
3936.38 4.25892 2.24487
3929.41 4.25291 2.25479
3922.47 4.24682 2.26468
3915.55 4.24065 2.27453
3908.66 4.23439 2.28436
3901.79 4.22805 2.29414
3894.94 4.22163 2.3039
3888.12 4.21512 2.31361
3881.32 4.20854 2.32329
3874.55 4.20187 2.33293
3867.8 4.19512 2.34253
3861.07 4.18829 2.35208
3854.37 4.18138 2.3616
3847.68 4.17439 2.37106
3841.03 4.16732 2.38049
3834.39 4.16017 2.38987
3827.78 4.15294 2.3992
3821.19 4.14563 2.40848
3814.63 4.13825 2.41771
3808.08 4.13079 2.42688
3801.56 4.12326 2.43601
3795.06 4.11564 2.44508
3788.58 4.10796 2.4541
3782.13 4.1002 2.46306
3775.7 4.09237 2.47197
3769.29 4.08446 2.48082
3762.9 4.07649 2.4896
3756.53 4.06844 2.49833
3750.18 4.06032 2.507
3743.86 4.05214 2.5156
3737.55 4.04388 2.52414
3731.27 4.03556 2.53261
3725.01 4.02717 2.54102
3718.77 4.01872 2.54937
3712.55 4.0102 2.55764
3706.35 4.00162 2.56585
3700.17 3.99298 2.57399
3694.02 3.98428 2.58206
3687.88 3.97551 2.59005
3681.76 3.96669 2.59798
3675.67 3.95781 2.60583
3669.59 3.94887 2.61361
3663.54 3.93987 2.62132
3657.5 3.93083 2.62895
3651.48 3.92172 2.63651
3645.49 3.91257 2.64398
3639.51 3.90336 2.65139
3633.55 3.89411 2.65871
3627.61 3.8848 2.66596
3621.7 3.87545 2.67313
3615.8 3.86605 2.68021
3609.92 3.85661 2.68722
3604.06 3.84712 2.69415
3598.21 3.83759 2.701
3592.39 3.82802 2.70777
3586.59 3.81841 2.71445
3580.8 3.80876 2.72105
3575.04 3.79908 2.72758
3569.29 3.78936 2.73401
3563.56 3.7796 2.74037
3557.85 3.76981 2.74664
3552.15 3.75998 2.75283
3546.48 3.75013 2.75893
3540.82 3.74025 2.76495
3535.18 3.73033 2.77089
3529.56 3.72039 2.77674
3523.96 3.71043 2.78251
3518.37 3.70044 2.7882
3512.81 3.69043 2.7938
3507.26 3.68039 2.79931
3501.72 3.67034 2.80475
3496.21 3.66026 2.81009
3490.71 3.65017 2.81536
3485.23 3.64006 2.82053
3479.77 3.62994 2.82563
3474.32 3.6198 2.83064
3468.89 3.60965 2.83557
3463.48 3.59948 2.84041
3458.08 3.58931 2.84517
3452.71 3.57912 2.84985
3447.34 3.56893 2.85445
3442 3.55873 2.85896
3436.67 3.54852 2.86339
3431.36 3.53831 2.86774
3426.06 3.5281 2.872
3420.78 3.51788 2.87619
3415.52 3.50766 2.8803
3410.27 3.49744 2.88432
3405.04 3.48723 2.88827
3399.83 3.47701 2.89213
3394.63 3.4668 2.89592
3389.44 3.45659 2.89963
3384.28 3.44638 2.90326
3379.12 3.43618 2.90681
3373.99 3.42599 2.91029
3368.87 3.41581 2.91369
3363.76 3.40563 2.91702
3358.67 3.39546 2.92027
3353.6 3.38531 2.92344
3348.54 3.37516 2.92655
3343.5 3.36503 2.92958
3338.47 3.35491 2.93253
3333.46 3.34481 2.93542
3328.46 3.33472 2.93823
3323.48 3.32464 2.94097
3318.51 3.31458 2.94365
3313.55 3.30454 2.94625
3308.61 3.29452 2.94879
3303.69 3.28451 2.95125
3298.78 3.27452 2.95366
3293.89 3.26456 2.95599
3289.01 3.25461 2.95826
3284.14 3.24468 2.96047
3279.29 3.23478 2.96261
3274.45 3.2249 2.96468
3269.63 3.21504 2.9667
3264.82 3.2052 2.96865
3260.03 3.19539 2.97054
3255.25 3.1856 2.97238
3250.48 3.17584 2.97415
3245.73 3.1661 2.97586
3240.99 3.15639 2.97752
3236.26 3.1467 2.97912
3231.55 3.13704 2.98066
3226.85 3.12741 2.98215
3222.17 3.1178 2.98358
3217.5 3.10822 2.98496
3212.84 3.09867 2.98629
3208.2 3.08915 2.98756
3203.57 3.07966 2.98878
3198.95 3.07019 2.98995
3194.35 3.06075 2.99107
3189.76 3.05135 2.99214
3185.18 3.04197 2.99316
3180.62 3.03262 2.99413
3176.07 3.0233 2.99506
3171.53 3.01402 2.99594
3167.01 3.00476 2.99677
3162.5 2.99553 2.99756
3158 2.98634 2.99831
3153.51 2.97717 2.99901
3149.04 2.96803 2.99967
3144.58 2.95893 3.00028
3140.13 2.94986 3.00086
3135.69 2.94081 3.00139
3131.27 2.9318 3.00188
3126.86 2.92282 3.00234
3122.46 2.91387 3.00275
3118.07 2.90495 3.00313
3113.7 2.89606 3.00347
3109.34 2.88721 3.00377
3104.99 2.87838 3.00404
3100.65 2.86959 3.00427
3096.33 2.86082 3.00446
3092.02 2.85209 3.00462
3087.71 2.84339 3.00475
3083.43 2.83472 3.00485
3079.15 2.82608 3.00491
3074.88 2.81747 3.00494
3070.63 2.80889 3.00493
3066.39 2.80034 3.0049
3062.16 2.79182 3.00483
3057.94 2.78333 3.00474
3053.73 2.77487 3.00462
3049.54 2.76645 3.00446
3045.36 2.75805 3.00428
3041.18 2.74968 3.00407
3037.02 2.74134 3.00384
3032.87 2.73303 3.00357
3028.74 2.72475 3.00328
3024.61 2.71649 3.00296
3020.49 2.70827 3.00262
3016.39 2.70008 3.00225
3012.3 2.69191 3.00186
3008.21 2.68377 3.00144
3004.14 2.67566 3.001
3000.08 2.66758 3.00054
2996.03 2.65952 3.00005
2992 2.6515 2.99954
2987.97 2.6435 2.99901
2983.95 2.63552 2.99845
2979.95 2.62758 2.99787
2975.95 2.61966 2.99727
2971.97 2.61176 2.99665
2967.99 2.6039 2.99601
2964.03 2.59606 2.99535
2960.08 2.58824 2.99467
2956.14 2.58045 2.99396
2952.21 2.57269 2.99324
2948.28 2.56495 2.9925
2944.37 2.55724 2.99174
2940.47 2.54955 2.99096
2936.58 2.54188 2.99016
2932.7 2.53424 2.98934
2928.84 2.52663 2.98851
2924.98 2.51903 2.98766
2921.13 2.51146 2.98678
2917.29 2.50392 2.9859
2913.46 2.4964 2.98499
2909.64 2.4889 2.98407
2905.83 2.48142 2.98313
2902.03 2.47397 2.98217
2898.24 2.46654 2.9812
2894.47 2.45913 2.9802
2890.7 2.45174 2.9792
2886.94 2.44438 2.97818
2883.19 2.43704 2.97714
2879.45 2.42971 2.97608
2875.72 2.42241 2.97501
2872 2.41514 2.97392
2868.29 2.40788 2.97282
2864.58 2.40064 2.97171
2860.89 2.39342 2.97057
2857.21 2.38623 2.96943
2853.54 2.37905 2.96826
2849.87 2.37189 2.96709
2846.22 2.36476 2.96589
2842.58 2.35764 2.96469
2838.94 2.35054 2.96346
2835.31 2.34347 2.96223
2831.7 2.33641 2.96098
2828.09 2.32937 2.95971
2824.49 2.32235 2.95843
2820.9 2.31535 2.95714
2817.32 2.30836 2.95583
2813.75 2.3014 2.95451
2810.19 2.29445 2.95317
2806.64 2.28753 2.95182
2803.09 2.28062 2.95046
2799.56 2.27373 2.94908
2796.03 2.26685 2.94768
2792.51 2.26 2.94628
2789.01 2.25316 2.94486
2785.51 2.24634 2.94342
2782.02 2.23953 2.94198
2778.53 2.23275 2.94051
2775.06 2.22598 2.93904
2771.59 2.21923 2.93755
2768.14 2.2125 2.93605
2764.69 2.20578 2.93453
2761.25 2.19908 2.933
2757.82 2.19239 2.93146
2754.4 2.18573 2.9299
2750.99 2.17908 2.92833
2747.58 2.17244 2.92674
2744.19 2.16583 2.92515
2740.8 2.15923 2.92354
2737.42 2.15264 2.92191
2734.05 2.14607 2.92027
2730.68 2.13952 2.91862
2727.33 2.13299 2.91696
2723.98 2.12647 2.91528
2720.64 2.11996 2.91359
2717.31 2.11348 2.91188
2713.99 2.10701 2.91016
2710.68 2.10055 2.90843
2707.37 2.09411 2.90669
2704.07 2.08769 2.90493
2700.78 2.08128 2.90316
2697.5 2.07489 2.90137
2694.23 2.06852 2.89958
2690.96 2.06216 2.89776
2687.7 2.05581 2.89594
2684.45 2.04948 2.8941
2681.21 2.04317 2.89225
2677.98 2.03687 2.89039
2674.75 2.03059 2.88851
2671.53 2.02433 2.88662
2668.32 2.01808 2.88472
2665.12 2.01184 2.8828
2661.92 2.00562 2.88087
2658.73 1.99942 2.87893
2655.55 1.99323 2.87697
2652.38 1.98706 2.875
2649.21 1.98091 2.87302
2646.05 1.97477 2.87103
2642.9 1.96864 2.86902
2639.76 1.96253 2.867
2636.63 1.95644 2.86497
2633.5 1.95036 2.86292
2630.38 1.9443 2.86086
2627.26 1.93826 2.85879
2624.16 1.93223 2.8567
2621.06 1.92621 2.85461
2617.97 1.92021 2.8525
2614.89 1.91423 2.85037
2611.81 1.90826 2.84824
2608.74 1.90231 2.84609
2605.68 1.89638 2.84393
2602.62 1.89046 2.84176
2599.57 1.88455 2.83957
2596.53 1.87867 2.83737
2593.5 1.87279 2.83516
2590.47 1.86694 2.83294
2587.45 1.8611 2.83071
2584.44 1.85527 2.82846
2581.44 1.84947 2.8262
2578.44 1.84367 2.82393
2575.45 1.8379 2.82164
2572.46 1.83214 2.81935
2569.49 1.82639 2.81704
2566.51 1.82067 2.81472
2563.55 1.81496 2.81239
2560.59 1.80926 2.81005
2557.64 1.80358 2.80769
2554.7 1.79792 2.80532
2551.76 1.79227 2.80294
2548.83 1.78664 2.80055
2545.91 1.78103 2.79815
2542.99 1.77543 2.79574
2540.08 1.76985 2.79331
2537.18 1.76428 2.79088
2534.28 1.75874 2.78843
2531.39 1.7532 2.78597
2528.51 1.74769 2.7835
2525.63 1.74219 2.78102
2522.76 1.73671 2.77853
2519.9 1.73124 2.77603
2517.04 1.72579 2.77351
2514.19 1.72036 2.77099
2511.35 1.71495 2.76845
2508.51 1.70955 2.76591
2505.68 1.70416 2.76335
2502.85 1.6988 2.76078
2500.03 1.69345 2.75821
2497.22 1.68812 2.75562
2494.42 1.6828 2.75302
2491.62 1.6775 2.75041
2488.82 1.67222 2.74779
2486.04 1.66696 2.74517
2483.25 1.66171 2.74253
2480.48 1.65648 2.73988
2477.71 1.65126 2.73722
2474.95 1.64606 2.73455
2472.19 1.64088 2.73188
2469.44 1.63572 2.72919
2466.7 1.63057 2.72649
2463.96 1.62544 2.72379
2461.23 1.62033 2.72107
2458.5 1.61524 2.71835
2455.78 1.61016 2.71561
2453.07 1.6051 2.71287
2450.36 1.60005 2.71012
2447.66 1.59502 2.70736
2444.96 1.59001 2.70459
2442.27 1.58502 2.70181
2439.59 1.58004 2.69903
2436.91 1.57509 2.69623
2434.24 1.57014 2.69343
2431.57 1.56522 2.69062
2428.91 1.56031 2.6878
2426.26 1.55542 2.68497
2423.61 1.55055 2.68213
2420.97 1.54569 2.67929
2418.33 1.54085 2.67644
2415.7 1.53603 2.67358
2413.07 1.53122 2.67071
2410.45 1.52644 2.66783
2407.84 1.52167 2.66495
2405.23 1.51691 2.66206
2402.62 1.51218 2.65916
2400.03 1.50746 2.65626
2397.43 1.50275 2.65335
2394.85 1.49807 2.65043
2392.27 1.4934 2.6475
2389.69 1.48875 2.64457
2387.12 1.48412 2.64163
2384.56 1.4795 2.63869
2382 1.4749 2.63573
2379.45 1.47032 2.63278
2376.9 1.46575 2.62981
2374.36 1.4612 2.62684
2371.82 1.45667 2.62386
2369.29 1.45216 2.62088
2366.76 1.44766 2.61789
2364.24 1.44318 2.61489
2361.73 1.43872 2.61189
2359.22 1.43427 2.60888
2356.71 1.42984 2.60587
2354.21 1.42543 2.60285
2351.72 1.42103 2.59982
2349.23 1.41665 2.59679
2346.75 1.41229 2.59376
2344.27 1.40795 2.59072
2341.79 1.40362 2.58767
2339.33 1.39931 2.58462
2336.86 1.39501 2.58156
2334.41 1.39073 2.5785
2331.95 1.38647 2.57544
2329.51 1.38223 2.57237
2327.07 1.378 2.56929
2324.63 1.37379 2.56621
2322.2 1.36959 2.56313
2319.77 1.36542 2.56004
2317.35 1.36126 2.55695
2314.93 1.35711 2.55385
2312.52 1.35298 2.55075
2310.11 1.34887 2.54765
2307.71 1.34477 2.54454
2305.32 1.3407 2.54143
2302.92 1.33663 2.53831
2300.54 1.33259 2.53519
2298.16 1.32856 2.53206
2295.78 1.32454 2.52894
2293.41 1.32055 2.52581
2291.04 1.31656 2.52267
2288.68 1.3126 2.51953
2286.32 1.30865 2.51639
2283.97 1.30472 2.51325
2281.62 1.3008 2.5101
2279.28 1.2969 2.50695
2276.94 1.29301 2.5038
2274.61 1.28915 2.50064
2272.28 1.28529 2.49749
2269.96 1.28146 2.49432
2267.64 1.27764 2.49116
2265.32 1.27383 2.48799
2263.01 1.27004 2.48482
2260.71 1.26627 2.48165
2258.41 1.26251 2.47848
2256.11 1.25877 2.4753
2253.82 1.25504 2.47213
2251.54 1.25133 2.46895
2249.26 1.24763 2.46576
2246.98 1.24395 2.46258
2244.71 1.24029 2.45939
2242.44 1.23664 2.4562
2240.18 1.233 2.45301
2237.92 1.22939 2.44982
2235.66 1.22578 2.44663
2233.41 1.22219 2.44344
2231.17 1.21862 2.44024
2228.93 1.21506 2.43704
2226.69 1.21152 2.43384
2224.46 1.20799 2.43064
2222.24 1.20448 2.42744
2220.01 1.20098 2.42424
2217.8 1.1975 2.42103
2215.58 1.19403 2.41783
2213.37 1.19057 2.41462
2211.17 1.18714 2.41142
2208.97 1.18371 2.40821
2206.77 1.1803 2.405
2204.58 1.17691 2.40179
2202.39 1.17353 2.39858
2200.21 1.17016 2.39537
2198.03 1.16681 2.39216
2195.86 1.16347 2.38895
2193.69 1.16015 2.38573
2191.52 1.15684 2.38252
2189.36 1.15355 2.37931
2187.2 1.15027 2.37609
2185.05 1.147 2.37288
2182.9 1.14375 2.36967
2180.76 1.14051 2.36645
2178.62 1.13729 2.36324
2176.48 1.13408 2.36002
2174.35 1.13089 2.35681
2172.22 1.1277 2.3536
2170.1 1.12454 2.35038
2167.98 1.12138 2.34717
2165.86 1.11824 2.34395
2163.75 1.11511 2.34074
2161.65 1.112 2.33753
2159.54 1.1089 2.33431
2157.44 1.10582 2.3311
2155.35 1.10274 2.32789
2153.26 1.09968 2.32468
2151.17 1.09664 2.32147
2149.09 1.0936 2.31826
2147.01 1.09059 2.31505
2144.94 1.08758 2.31184
2142.87 1.08459 2.30863
2140.8 1.08161 2.30542
2138.74 1.07864 2.30221
2136.68 1.07569 2.29901
2134.62 1.07274 2.2958
2132.57 1.06982 2.2926
2130.53 1.0669 2.28939
2128.48 1.064 2.28619
2126.44 1.06111 2.28299
2124.41 1.05823 2.27979
2122.38 1.05537 2.27659
2120.35 1.05252 2.27339
2118.33 1.04968 2.27019
2116.31 1.04685 2.267
2114.29 1.04404 2.2638
2112.28 1.04123 2.26061
2110.27 1.03844 2.25742
2108.27 1.03567 2.25423
2106.27 1.0329 2.25104
2104.27 1.03015 2.24785
2102.28 1.02741 2.24466
2100.29 1.02468 2.24148
2098.3 1.02196 2.2383
2096.32 1.01926 2.23511
2094.35 1.01656 2.23193
2092.37 1.01388 2.22876
2090.4 1.01121 2.22558
2088.43 1.00856 2.2224
2086.47 1.00591 2.21923
2084.51 1.00328 2.21606
2082.56 1.00065 2.21289
2080.6 0.998043 2.20972
2078.66 0.995443 2.20655
2076.71 0.992856 2.20339
2074.77 0.990279 2.20022
2072.83 0.987714 2.19706
2070.9 0.98516 2.1939
2068.97 0.982618 2.19075
2067.04 0.980086 2.18759
2065.12 0.977566 2.18444
2063.2 0.975057 2.18129
2061.28 0.97256 2.17814
2059.37 0.970073 2.17499
2057.46 0.967597 2.17185
2055.56 0.965132 2.1687
2053.66 0.962678 2.16556
2051.76 0.960235 2.16243
2049.86 0.957802 2.15929
2047.97 0.955381 2.15616
2046.09 0.95297 2.15302
2044.2 0.950569 2.14989
2042.32 0.948179 2.14677
2040.44 0.9458 2.14364
2038.57 0.943432 2.14052
2036.7 0.941073 2.1374
2034.83 0.938725 2.13428
2032.97 0.936388 2.13116
2031.11 0.934061 2.12805
2029.25 0.931744 2.12494
2027.4 0.929437 2.12183
2025.55 0.927141 2.11873
2023.7 0.924855 2.11562
2021.86 0.922578 2.11252
2020.02 0.920312 2.10942
2018.18 0.918056 2.10633
2016.35 0.91581 2.10323
2014.52 0.913573 2.10014
2012.69 0.911347 2.09706
2010.87 0.90913 2.09397
2009.05 0.906923 2.09089
2007.23 0.904726 2.08781
2005.42 0.902538 2.08473
2003.61 0.900361 2.08165
2001.8 0.898192 2.07858
2000 0.896034 2.07551
