20010 3.44195 0
19831.2 3.44251 0
19655.6 3.44307 0
19483.1 3.44363 0
19313.6 3.44419 0
19147 3.44475 0
18983.3 3.44531 0
18822.3 3.44586 0
18664.1 3.44642 0
18508.5 3.44698 0
18355.4 3.44754 0
18204.9 3.4481 0
18056.8 3.44866 0
17911.1 3.44921 0
17767.8 3.44977 0
17626.7 3.451 0
17487.8 3.45268 0
17351.1 3.45437 0
17216.6 3.45605 0
17084.1 3.45773 0
16953.6 3.45942 0
16825.1 3.4611 0
16698.5 3.46278 0
16573.9 3.46446 0
16451 3.46613 0
16330 3.46781 0
16210.8 3.46949 0
16093.3 3.47116 0
15977.4 3.47284 0
15863.2 3.47451 0
15750.7 3.47619 0
15639.7 3.47786 0
15530.3 3.47953 0
15422.4 3.48081 0
15316 3.48193 0
15211.1 3.48305 0
15107.5 3.48417 0
15005.4 3.48529 0
14904.7 3.48641 0
14805.3 3.48753 0
14707.2 3.48865 0
14610.4 3.48977 0
14514.8 3.49089 0
14420.6 3.49201 0
14327.5 3.49313 0
14235.6 3.49424 0
14144.9 3.49536 0
14055.3 3.49648 0
13966.9 3.49759 0
13879.6 3.49871 0
13793.3 3.49983 0
13708.2 3.50189 0
13624 3.50414 0
13540.9 3.50638 0
13458.8 3.50862 0
13377.7 3.51085 0
13297.6 3.51309 0
13218.4 3.51532 0
13140.2 3.51756 0
13062.8 3.51979 0
12986.4 3.52202 0
12910.9 3.52425 0
12836.2 3.52648 0
12762.4 3.5287 0
12689.5 3.53093 0
12617.4 3.53315 0
12546 3.53537 0
12475.5 3.53759 0
12405.8 3.53981 0
12336.9 3.54154 0
12268.7 3.54321 0
12201.3 3.54489 0
12134.6 3.54657 0
12068.6 3.54824 0
12003.3 3.54992 0
11938.8 3.55159 0
11874.9 3.55326 0
11811.7 3.55493 0
11749.2 3.5566 0
11687.4 3.55827 0
11626.1 3.55994 0
11565.6 3.56161 0
11505.6 3.56328 0
11446.3 3.56495 0
11387.6 3.56661 0
11329.5 3.56828 0
11271.9 3.56994 0
11215 3.57217 0
11158.6 3.57441 0
11102.8 3.57665 0
11047.6 3.57889 0
10992.8 3.58113 0
10938.7 3.58336 0
10885 3.5856 0
10831.9 3.58783 0
10779.3 3.59007 0
10727.2 3.5923 0
10675.6 3.59453 0
10624.6 3.59675 0
10573.9 3.59898 0
10523.8 3.60121 0
10474.2 3.60343 0
10425 3.60565 0
10376.2 3.60787 0
10328 3.61017 0
10280.1 3.61412 0
10232.8 3.61807 0
10185.8 3.62201 0
10139.3 3.62595 0
10093.2 3.62989 0
10047.5 3.63382 0
10002.2 3.63775 0
9957.36 3.64167 0
9912.89 3.64559 0
9868.82 3.64951 0
9825.14 3.65342 0
9781.85 3.65732 0
9738.93 3.66122 0
9696.39 3.66512 0
9654.22 3.66902 0
9612.42 3.67291 0
9570.98 3.67679 0
9529.89 3.68088 0.000398548
9489.15 3.68596 0.00268944
9448.76 3.69102 0.00497405
9408.71 3.69609 0.0072524
9369 3.70114 0.00952453
9329.63 3.7062 0.0117905
9290.58 3.71124 0.0140503
9251.86 3.71628 0.016304
9213.46 3.72132 0.0185516
9175.38 3.72635 0.0207931
9137.61 3.73137 0.0230287
9100.15 3.73639 0.0252583
9063 3.7414 0.0274819
9026.15 3.74641 0.0296996
8989.6 3.75141 0.0319115
8953.34 3.75641 0.0341175
8917.37 3.7614 0.0363177
8881.7 3.76639 0.0385122
8846.3 3.7714 0.0407459
8811.19 3.77647 0.0430926
8776.35 3.78154 0.045433
8741.79 3.7866 0.0477672
8707.5 3.79166 0.0500953
8673.48 3.79671 0.0524172
8639.72 3.80176 0.054733
8606.23 3.8068 0.0570428
8572.99 3.81184 0.0593465
8540.01 3.81687 0.0616443
8507.28 3.82189 0.0639361
8474.81 3.82691 0.066222
8442.57 3.83193 0.0685019
8410.59 3.83694 0.0707761
8378.84 3.84194 0.0730443
8347.34 3.84694 0.0753068
8316.06 3.85194 0.0775635
8285.03 3.85693 0.0798145
8254.22 3.8615 0.0823928
8223.64 3.86542 0.0855008
8193.29 3.86934 0.0886026
8163.16 3.87326 0.0916982
8133.25 3.87717 0.0947875
8103.56 3.88109 0.0978707
8074.09 3.885 0.100948
8044.83 3.88891 0.104019
8015.78 3.89282 0.107083
7986.94 3.89673 0.110142
7958.31 3.90063 0.113194
7929.88 3.90453 0.116241
7901.65 3.90844 0.119281
7873.62 3.91234 0.122316
7845.8 3.91624 0.125344
7818.16 3.92013 0.128367
7790.73 3.92403 0.131383
7763.48 3.92792 0.134394
7736.42 3.93209 0.13767
7709.56 3.93657 0.14125
7682.87 3.94105 0.144823
7656.37 3.94553 0.148387
7630.06 3.95001 0.151943
7603.92 3.95449 0.155491
7577.97 3.95896 0.159032
7552.18 3.96343 0.162564
7526.58 3.9679 0.166089
7501.15 3.97237 0.169605
7475.88 3.97683 0.173114
7450.79 3.98129 0.176615
7425.87 3.98575 0.180109
7401.11 3.99021 0.183594
7376.52 3.99466 0.187072
7352.09 3.99912 0.190543
7327.82 4.00357 0.194005
7303.71 4.00802 0.197461
7279.76 4.01248 0.201271
7255.96 4.01696 0.205364
7232.32 4.02144 0.209448
7208.83 4.02592 0.213523
7185.5 4.0304 0.217589
7162.32 4.03487 0.221646
7139.28 4.03935 0.225694
7116.4 4.04382 0.229733
7093.65 4.04829 0.233763
7071.06 4.05276 0.237785
7048.61 4.05723 0.241798
7026.3 4.0617 0.245802
7004.13 4.06616 0.249797
6982.1 4.07063 0.253784
6960.21 4.07509 0.257762
6938.45 4.07955 0.261732
6916.83 4.08401 0.265692
6895.35 4.08847 0.269645
6874 4.09293 0.274433
6852.77 4.09738 0.279652
6831.69 4.10184 0.284859
6810.73 4.1063 0.290056
6789.89 4.11075 0.29524
6769.19 4.11521 0.300414
6748.61 4.11967 0.305576
6728.16 4.12414 0.310727
6707.83 4.1286 0.315867
6687.62 4.13306 0.320995
6667.53 4.13752 0.326113
6647.56 4.14199 0.331219
6627.72 4.14645 0.336315
6607.99 4.15092 0.341399
6588.38 4.15538 0.346473
6568.88 4.15985 0.351535
6549.5 4.16432 0.356587
6530.23 4.16878 0.361628
6511.08 4.17242 0.367041
6492.04 4.17574 0.372589
6473.11 4.17907 0.378128
6454.29 4.1824 0.383657
6435.58 4.18574 0.389178
6416.97 4.18908 0.394689
6398.48 4.19243 0.400191
6380.09 4.19577 0.405684
6361.8 4.19912 0.411168
6343.62 4.20248 0.416643
6325.55 4.20584 0.422108
6307.57 4.2092 0.427565
6289.7 4.21257 0.433013
6271.93 4.21594 0.438451
6254.26 4.21931 0.44388
6236.69 4.22268 0.449301
6219.22 4.22606 0.454712
6201.84 4.22944 0.460115
6184.56 4.23216 0.465536
6167.38 4.23476 0.470956
6150.29 4.23736 0.476368
6133.3 4.23996 0.481773
6116.4 4.24257 0.487172
6099.6 4.24518 0.492563
6082.88 4.24779 0.497946
6066.26 4.25041 0.503323
6049.73 4.25304 0.508693
6033.28 4.25567 0.514055
6016.93 4.2583 0.51941
6000.67 4.26094 0.524759
5984.49 4.26358 0.5301
5968.4 4.26622 0.535434
5952.4 4.26887 0.54076
5936.48 4.27153 0.54608
5920.64 4.27419 0.551392
5904.9 4.27685 0.556698
5889.23 4.28133 0.56415
5873.65 4.28593 0.571715
5858.15 4.29054 0.579263
5842.73 4.29515 0.586794
5827.39 4.29977 0.594308
5812.13 4.30439 0.601805
5796.96 4.30902 0.609286
5781.86 4.31366 0.616749
5766.84 4.3183 0.624196
5751.89 4.32295 0.631626
5737.03 4.3276 0.639039
5722.24 4.33225 0.646435
5707.53 4.33692 0.653815
5692.89 4.34158 0.661178
5678.33 4.34626 0.668525
5663.84 4.35093 0.675855
5649.43 4.35561 0.683168
5635.09 4.36021 0.690496
5620.82 4.36349 0.69826
5606.62 4.36678 0.706011
5592.5 4.37007 0.713749
5578.44 4.37338 0.721473
5564.46 4.37669 0.729184
5550.55 4.38002 0.736883
5536.7 4.38335 0.744568
5522.93 4.38669 0.752239
5509.22 4.39004 0.759898
5495.58 4.3934 0.767544
5482.01 4.39677 0.775176
5468.51 4.40014 0.782795
5455.07 4.40352 0.790401
5441.7 4.40692 0.797994
5428.39 4.41032 0.805574
5415.15 4.41372 0.81314
5401.97 4.41714 0.820694
5388.86 4.42035 0.828312
5375.81 4.42249 0.836313
5362.82 4.42464 0.844305
5349.9 4.4268 0.852286
5337.03 4.42897 0.860258
5324.23 4.43115 0.86822
5311.49 4.43335 0.876171
5298.81 4.43555 0.884113
5286.2 4.43777 0.892044
5273.64 4.44 0.899965
5261.14 4.44224 0.907876
5248.7 4.44449 0.915777
5236.32 4.44675 0.923668
5224 4.44902 0.931548
5211.73 4.4513 0.939418
5199.53 4.45359 0.947278
5187.37 4.4559 0.955127
5175.28 4.45821 0.962966
5163.24 4.46025 0.970933
5151.26 4.46137 0.979359
5139.34 4.4625 0.987777
5127.47 4.46364 0.996187
5115.65 4.46479 1.00459
5103.89 4.46596 1.01299
5092.18 4.46715 1.02137
5080.53 4.46834 1.02975
5068.92 4.46955 1.03813
5057.38 4.47078 1.04649
5045.88 4.47202 1.05485
5034.44 4.47327 1.0632
5023.05 4.47453 1.07154
5011.71 4.47581 1.07988
5000.42 4.4771 1.0882
4989.18 4.4784 1.09652
4977.99 4.47972 1.10483
4966.85 4.48105 1.11313
4955.76 4.48209 1.12165
4944.72 4.4824 1.13073
4933.74 4.48273 1.1398
4922.79 4.48308 1.14887
4911.9 4.48344 1.15793
4901.06 4.48383 1.16698
4890.26 4.48422 1.17603
4879.51 4.48464 1.18507
4868.81 4.48507 1.1941
4858.15 4.48552 1.20313
4847.54 4.48598 1.21216
4836.98 4.48646 1.22117
4826.47 4.48696 1.23018
4815.99 4.48747 1.23919
4805.57 4.488 1.24818
4795.19 4.48854 1.25717
4784.85 4.4891 1.26616
4774.56 4.48968 1.27514
4764.31 4.48984 1.28451
4754.11 4.48952 1.29436
4743.95 4.48921 1.30421
4733.83 4.48892 1.31405
4723.76 4.48866 1.32388
4713.73 4.48841 1.33371
4703.74 4.48818 1.34354
4693.8 4.48798 1.35336
4683.89 4.48779 1.36318
4674.03 4.48762 1.37299
4664.21 4.48748 1.38279
4654.43 4.48735 1.39259
4644.69 4.48724 1.40239
4634.99 4.48715 1.41218
4625.34 4.48709 1.42196
4615.72 4.48704 1.43174
4606.14 4.48701 1.44151
4596.6 4.487 1.45127
4587.11 4.48641 1.46131
4577.65 4.48528 1.47161
4568.23 4.48418 1.48191
4558.85 4.4831 1.49221
4549.5 4.48204 1.5025
4540.2 4.481 1.51279
4530.93 4.47999 1.52308
4521.7 4.47899 1.53336
4512.51 4.47803 1.54365
4503.36 4.47708 1.55392
4494.24 4.47615 1.5642
4485.16 4.47525 1.57447
4476.11 4.47437 1.58474
4467.11 4.47351 1.595
4458.14 4.47267 1.60526
4449.2 4.47186 1.61552
4440.3 4.47107 1.62577
4431.44 4.47029 1.63602
4422.61 4.46875 1.64647
4413.81 4.46672 1.65707
4405.06 4.46471 1.66766
4396.33 4.46273 1.67825
4387.64 4.46077 1.68884
4378.99 4.45884 1.69944
4370.37 4.45693 1.71003
4361.78 4.45505 1.72062
4353.23 4.45319 1.73121
4344.71 4.45136 1.74181
4336.22 4.44954 1.7524
4327.77 4.44776 1.76299
4319.34 4.44599 1.77358
4310.96 4.44426 1.78416
4302.6 4.44254 1.79475
4294.28 4.44085 1.80533
4285.99 4.43918 1.81592
4277.73 4.43754 1.8265
4269.5 4.43472 1.8371
4261.3 4.43133 1.84771
4253.14 4.42796 1.85833
4245.01 4.42462 1.86895
4236.9 4.4213 1.87958
4228.83 4.41801 1.89022
4220.79 4.41475 1.90085
4212.78 4.41151 1.9115
4204.8 4.4083 1.92215
4196.85 4.40511 1.9328
4188.93 4.40194 1.94346
4181.04 4.39881 1.95412
4173.18 4.39569 1.96478
4165.35 4.39261 1.97545
4157.55 4.38954 1.98613
4149.78 4.38651 1.9968
4142.04 4.3835 2.00748
4134.32 4.38051 2.01816
4126.64 4.3755 2.02846
4118.98 4.37009 2.0387
4111.35 4.3647 2.04894
4103.75 4.35934 2.0592
4096.18 4.354 2.06948
4088.63 4.34869 2.07977
4081.12 4.3434 2.09007
4073.63 4.33814 2.10038
4066.17 4.33289 2.11071
4058.73 4.32768 2.12105
4051.33 4.32249 2.13141
4043.95 4.31732 2.14177
4036.59 4.31218 2.15215
4029.27 4.30706 2.16255
4021.96 4.30197 2.17295
4014.69 4.2969 2.18336
4007.44 4.29186 2.19379
4000.22 4.28685 2.20423
3993.03 4.28042 2.214
3985.86 4.27373 2.22366
3978.71 4.26705 2.23334
3971.59 4.26039 2.24303
3964.5 4.25376 2.25274
3957.43 4.24715 2.26248
3950.39 4.24056 2.27223
3943.37 4.234 2.282
3936.38 4.22745 2.29178
3929.41 4.22093 2.30159
3922.47 4.21443 2.31141
3915.55 4.20795 2.32125
3908.66 4.2015 2.33111
3901.79 4.19507 2.34099
3894.94 4.18866 2.35088
3888.12 4.18228 2.36079
3881.32 4.17591 2.37072
3874.55 4.16952 2.38054
3867.8 4.16239 2.38866
3861.07 4.15527 2.39681
3854.37 4.14816 2.40497
3847.68 4.14108 2.41314
3841.03 4.134 2.42134
3834.39 4.12694 2.42956
3827.78 4.1199 2.4378
3821.19 4.11287 2.44605
3814.63 4.10586 2.45433
3808.08 4.09886 2.46262
3801.56 4.09189 2.47093
3795.06 4.08492 2.47926
3788.58 4.07798 2.48761
3782.13 4.07104 2.49598
3775.7 4.06413 2.50436
3769.29 4.05723 2.51277
3762.9 4.05035 2.52119
3756.53 4.04339 2.52953
3750.18 4.03522 2.53669
3743.86 4.02706 2.54388
3737.55 4.0189 2.55109
3731.27 4.01076 2.55832
3725.01 4.00263 2.56558
3718.77 3.99451 2.57285
3712.55 3.9864 2.58015
3706.35 3.9783 2.58747
3700.17 3.97021 2.59482
3694.02 3.96214 2.60218
3687.88 3.95408 2.60957
3681.76 3.94603 2.61698
3675.67 3.93799 2.62441
3669.59 3.92996 2.63187
3663.54 3.92195 2.63935
3657.5 3.91395 2.64684
3651.48 3.90596 2.65437
3645.49 3.89759 2.66162
3639.51 3.88805 2.66804
3633.55 3.87852 2.67449
3627.61 3.869 2.68097
3621.7 3.85948 2.68747
3615.8 3.84997 2.69401
3609.92 3.84047 2.70057
3604.06 3.83097 2.70716
3598.21 3.82148 2.71377
3592.39 3.812 2.72041
3586.59 3.80253 2.72708
3580.8 3.79306 2.73378
3575.04 3.7836 2.74051
3569.29 3.77415 2.74726
3563.56 3.76471 2.75404
3557.85 3.75528 2.76085
3552.15 3.74586 2.76769
3546.48 3.73644 2.77455
3540.82 3.7269 2.78112
3535.18 3.71684 2.78649
3529.56 3.70679 2.7919
3523.96 3.69673 2.79733
3518.37 3.68668 2.80278
3512.81 3.67663 2.80827
3507.26 3.66658 2.81379
3501.72 3.65653 2.81933
3496.21 3.64649 2.8249
3490.71 3.63645 2.8305
3485.23 3.62641 2.83613
3479.77 3.61638 2.84179
3474.32 3.60635 2.84748
3468.89 3.59632 2.85319
3463.48 3.5863 2.85894
3458.08 3.57628 2.86471
3452.71 3.56626 2.87051
3447.34 3.55625 2.87634
3442 3.54643 2.88139
3436.67 3.53689 2.88512
3431.36 3.52734 2.88886
3426.06 3.5178 2.89264
3420.78 3.50825 2.89643
3415.52 3.4987 2.90025
3410.27 3.48915 2.90409
3405.04 3.47959 2.90795
3399.83 3.47003 2.91184
3394.63 3.46047 2.91575
3389.44 3.45091 2.91968
3384.28 3.44134 2.92364
3379.12 3.43178 2.92762
3373.99 3.42221 2.93163
3368.87 3.41264 2.93565
3363.76 3.40307 2.93971
3358.67 3.39349 2.94378
3353.6 3.38392 2.94788
3348.54 3.37442 2.95127
3343.5 3.36501 2.95391
3338.47 3.35559 2.95656
3333.46 3.34617 2.95923
3328.46 3.33674 2.96192
3323.48 3.3273 2.96464
3318.51 3.31785 2.96737
3313.55 3.3084 2.97013
3308.61 3.29895 2.97291
3303.69 3.28949 2.97571
3298.78 3.28002 2.97853
3293.89 3.27055 2.98137
3289.01 3.26107 2.98423
3284.14 3.25159 2.98711
3279.29 3.2421 2.99002
3274.45 3.23261 2.99295
3269.63 3.22311 2.9959
3264.82 3.21361 2.99887
3260.03 3.2041 3.00124
3255.25 3.1946 3.00324
3250.48 3.18508 3.00527
3245.73 3.17556 3.00732
3240.99 3.16603 3.00939
3236.26 3.15649 3.01148
3231.55 3.14695 3.01359
3226.85 3.13739 3.01572
3222.17 3.12783 3.01787
3217.5 3.11826 3.02004
3212.84 3.10868 3.02223
3208.2 3.09909 3.02444
3203.57 3.0895 3.02667
3198.95 3.0799 3.02893
3194.35 3.07029 3.0312
3189.76 3.06068 3.0335
3185.18 3.05106 3.03582
3180.62 3.04143 3.03816
3176.07 3.03198 3.03966
3171.53 3.02262 3.0407
3167.01 3.01325 3.04176
3162.5 3.00387 3.04283
3158 2.99448 3.04392
3153.51 2.98508 3.04503
3149.04 2.97567 3.04616
3144.58 2.96624 3.04731
3140.13 2.95681 3.04847
3135.69 2.94737 3.04965
3131.27 2.93791 3.05085
3126.86 2.92845 3.05207
3122.46 2.91897 3.05331
3118.07 2.90949 3.05457
3113.7 2.89999 3.05585
3109.34 2.89048 3.05715
3104.99 2.88097 3.05846
3100.65 2.87144 3.0598
3096.33 2.86255 3.05976
3092.02 2.85376 3.05949
3087.71 2.84496 3.05924
3083.43 2.83614 3.05899
3079.15 2.82732 3.05876
3074.88 2.81848 3.05855
3070.63 2.80962 3.05834
3066.39 2.80075 3.05815
3062.16 2.79187 3.05797
3057.94 2.78297 3.05781
3053.73 2.77407 3.05766
3049.54 2.76514 3.05752
3045.36 2.75621 3.0574
3041.18 2.74726 3.05729
3037.02 2.7383 3.0572
3032.87 2.72932 3.05712
3028.74 2.72033 3.05706
3024.61 2.71133 3.05701
3020.49 2.70296 3.05612
3016.39 2.69469 3.05509
3012.3 2.68641 3.05407
3008.21 2.67811 3.05307
3004.14 2.6698 3.05207
3000.08 2.66147 3.05108
2996.03 2.65313 3.0501
2992 2.64478 3.04913
2987.97 2.63641 3.04818
2983.95 2.62803 3.04723
2979.95 2.61963 3.04629
2975.95 2.61122 3.04537
2971.97 2.60279 3.04445
2967.99 2.59435 3.04355
2964.03 2.5859 3.04266
2960.08 2.57743 3.04177
2956.14 2.56894 3.0409
2952.21 2.56045 3.04004
2948.28 2.55299 3.03873
2944.37 2.54559 3.03739
2940.47 2.53817 3.03607
2936.58 2.53074 3.03475
2932.7 2.52329 3.03343
2928.84 2.51584 3.03213
2924.98 2.50837 3.03083
2921.13 2.50089 3.02954
2917.29 2.4934 3.02826
2913.46 2.48589 3.02698
2909.64 2.47837 3.02571
2905.83 2.47084 3.02445
2902.03 2.46329 3.0232
2898.24 2.45574 3.02196
2894.47 2.44817 3.02072
2890.7 2.44059 3.01949
2886.94 2.43299 3.01827
2883.19 2.42538 3.01706
2879.45 2.41841 3.01551
2875.72 2.41146 3.01394
2872 2.4045 3.01238
2868.29 2.39753 3.01083
2864.58 2.39054 3.00928
2860.89 2.38355 3.00774
2857.21 2.37654 3.0062
2853.54 2.36952 3.00467
2849.87 2.36248 3.00315
2846.22 2.35544 3.00163
2842.58 2.34838 3.00012
2838.94 2.34131 2.99861
2835.31 2.33423 2.99712
2831.7 2.32714 2.99562
2828.09 2.32004 2.99414
2824.49 2.31292 2.99266
2820.9 2.30579 2.99119
2817.32 2.29878 2.9897
2813.75 2.29232 2.9881
2810.19 2.28585 2.98651
2806.64 2.27936 2.98492
2803.09 2.27287 2.98333
2799.56 2.26637 2.98176
2796.03 2.25985 2.98018
2792.51 2.25333 2.97862
2789.01 2.24679 2.97705
2785.51 2.24025 2.9755
2782.02 2.23369 2.97395
2778.53 2.22712 2.9724
2775.06 2.22054 2.97086
2771.59 2.21395 2.96932
2768.14 2.20735 2.9678
2764.69 2.20074 2.96627
2761.25 2.19411 2.96475
2757.82 2.18748 2.96324
2754.4 2.18092 2.96168
2750.99 2.17477 2.95986
2747.58 2.1686 2.95805
2744.19 2.16242 2.95623
2740.8 2.15624 2.95443
2737.42 2.15004 2.95262
2734.05 2.14383 2.95083
2730.68 2.13761 2.94903
2727.33 2.13139 2.94724
2723.98 2.12515 2.94546
2720.64 2.1189 2.94367
2717.31 2.11263 2.9419
2713.99 2.10636 2.94012
2710.68 2.10008 2.93836
2707.37 2.09379 2.93659
2704.07 2.08748 2.93484
2700.78 2.08116 2.93308
2697.5 2.07484 2.93133
2694.23 2.06858 2.92949
2690.96 2.06254 2.92733
2687.7 2.0565 2.92517
2684.45 2.05045 2.92301
2681.21 2.04438 2.92086
2677.98 2.0383 2.91871
2674.75 2.03221 2.91656
2671.53 2.02612 2.91442
2668.32 2.02001 2.91228
2665.12 2.01388 2.91014
2661.92 2.00775 2.90801
2658.73 2.00161 2.90588
2655.55 1.99545 2.90376
2652.38 1.98928 2.90163
2649.21 1.9831 2.89951
2646.05 1.97691 2.8974
2642.9 1.97071 2.89529
2639.76 1.96449 2.89318
2636.63 1.95857 2.89096
2633.5 1.95302 2.8886
2630.38 1.94745 2.88625
2627.26 1.94188 2.88389
2624.16 1.9363 2.88154
2621.06 1.9307 2.87918
2617.97 1.9251 2.87683
2614.89 1.91948 2.87448
2611.81 1.91386 2.87214
2608.74 1.90822 2.86979
2605.68 1.90258 2.86745
2602.62 1.89692 2.86511
2599.57 1.89125 2.86277
2596.53 1.88557 2.86044
2593.5 1.87988 2.8581
2590.47 1.87418 2.85577
2587.45 1.86847 2.85344
2584.44 1.86275 2.85112
2581.44 1.85747 2.84873
2578.44 1.8526 2.84628
2575.45 1.84772 2.84383
2572.46 1.84283 2.84138
2569.49 1.83793 2.83893
2566.51 1.83302 2.83648
2563.55 1.8281 2.83404
2560.59 1.82318 2.83159
2557.64 1.81824 2.82915
2554.7 1.8133 2.8267
2551.76 1.80835 2.82426
2548.83 1.80339 2.82182
2545.91 1.79842 2.81937
2542.99 1.79344 2.81693
2540.08 1.78845 2.81449
2537.18 1.78345 2.81205
2534.28 1.77844 2.80962
2531.39 1.77343 2.80718
2528.51 1.76867 2.80466
2525.63 1.76416 2.80206
2522.76 1.75964 2.79946
2519.9 1.75511 2.79686
2517.04 1.75057 2.79426
2514.19 1.74602 2.79166
2511.35 1.74147 2.78906
2508.51 1.7369 2.78646
2505.68 1.73233 2.78386
2502.85 1.72775 2.78126
2500.03 1.72317 2.77866
2497.22 1.71857 2.77606
2494.42 1.71396 2.77346
2491.62 1.70935 2.77086
2488.82 1.70473 2.76825
2486.04 1.70009 2.76565
2483.25 1.69545 2.76305
2480.48 1.69081 2.76045
2477.71 1.68653 2.75781
2474.95 1.68232 2.75515
2472.19 1.6781 2.75249
2469.44 1.67388 2.74984
2466.7 1.66965 2.74718
2463.96 1.66541 2.74452
2461.23 1.66117 2.74186
2458.5 1.65691 2.73921
2455.78 1.65265 2.73654
2453.07 1.64838 2.73388
2450.36 1.6441 2.73122
2447.66 1.63982 2.72856
2444.96 1.63552 2.7259
2442.27 1.63122 2.72323
2439.59 1.62691 2.72057
2436.91 1.62259 2.71791
2434.24 1.61827 2.71524
2431.57 1.61393 2.71257
2428.91 1.60987 2.70983
2426.26 1.60587 2.70706
2423.61 1.60187 2.70429
2420.97 1.59786 2.70152
2418.33 1.59384 2.69875
2415.7 1.58981 2.69598
2413.07 1.58578 2.6932
2410.45 1.58174 2.69043
2407.84 1.57769 2.68765
2405.23 1.57363 2.68487
2402.62 1.56957 2.6821
2400.03 1.5655 2.67931
2397.43 1.56142 2.67653
2394.85 1.55733 2.67375
2392.27 1.55323 2.67097
2389.69 1.54913 2.66818
2387.12 1.54502 2.6654
2384.56 1.5409 2.66261
2382 1.53708 2.65979
2379.45 1.53334 2.65695
2376.9 1.52959 2.65412
2374.36 1.52584 2.65128
2371.82 1.52207 2.64844
2369.29 1.5183 2.6456
2366.76 1.51453 2.64276
2364.24 1.51074 2.63991
2361.73 1.50695 2.63707
2359.22 1.50316 2.63422
2356.71 1.49935 2.63137
2354.21 1.49554 2.62852
2351.72 1.49172 2.62567
2349.23 1.48789 2.62281
2346.75 1.48406 2.61996
2344.27 1.48022 2.6171
2341.79 1.47637 2.61424
2339.33 1.47251 2.61138
2336.86 1.46897 2.60857
2334.41 1.46548 2.60578
2331.95 1.46198 2.60297
2329.51 1.45847 2.60017
2327.07 1.45496 2.59737
2324.63 1.45143 2.59456
2322.2 1.44791 2.59175
2319.77 1.44437 2.58894
2317.35 1.44083 2.58613
2314.93 1.43729 2.58332
2312.52 1.43373 2.5805
2310.11 1.43017 2.57768
2307.71 1.4266 2.57486
2305.32 1.42303 2.57204
2302.92 1.41945 2.56922
2300.54 1.41586 2.56639
2298.16 1.41227 2.56357
2295.78 1.4087 2.56074
2293.41 1.40548 2.55793
2291.04 1.40225 2.55511
2288.68 1.39901 2.5523
2286.32 1.39577 2.54948
2283.97 1.39252 2.54666
2281.62 1.38927 2.54383
2279.28 1.38601 2.54101
2276.94 1.38274 2.53818
2274.61 1.37947 2.53535
2272.28 1.37619 2.53252
2269.96 1.37291 2.52968
2267.64 1.36962 2.52685
2265.32 1.36632 2.52401
2263.01 1.36302 2.52117
2260.71 1.35971 2.51832
2258.41 1.35639 2.51548
2256.11 1.35307 2.51263
2253.82 1.34976 2.50979
2251.54 1.34672 2.50711
2249.26 1.34367 2.50443
2246.98 1.34061 2.50175
2244.71 1.33755 2.49906
2242.44 1.33449 2.49637
2240.18 1.33141 2.49368
2237.92 1.32834 2.49099
2235.66 1.32525 2.48829
2233.41 1.32216 2.48559
2231.17 1.31907 2.4829
2228.93 1.31597 2.48019
2226.69 1.31286 2.47749
2224.46 1.30975 2.47479
2222.24 1.30663 2.47208
2220.01 1.30351 2.46937
2217.8 1.30038 2.46666
2215.58 1.29725 2.46394
2213.37 1.29419 2.46128
2211.17 1.29134 2.45874
2208.97 1.28848 2.45619
2206.77 1.28562 2.45364
2204.58 1.28276 2.45109
2202.39 1.27989 2.44854
2200.21 1.27701 2.44599
2198.03 1.27413 2.44344
2195.86 1.27124 2.44088
2193.69 1.26835 2.43832
2191.52 1.26546 2.43576
2189.36 1.26256 2.4332
2187.2 1.25965 2.43064
2185.05 1.25674 2.42807
2182.9 1.25382 2.4255
2180.76 1.2509 2.42293
2178.62 1.24797 2.42036
2176.48 1.24504 2.41779
2174.35 1.24218 2.41521
2172.22 1.2395 2.41262
2170.1 1.23682 2.41003
2167.98 1.23413 2.40744
2165.86 1.23144 2.40485
2163.75 1.22874 2.40225
2161.65 1.22604 2.39966
2159.54 1.22333 2.39706
2157.44 1.22062 2.39446
2155.35 1.2179 2.39185
2153.26 1.21518 2.38924
2151.17 1.21245 2.38664
2149.09 1.20972 2.38403
2147.01 1.20698 2.38141
2144.94 1.20424 2.3788
2142.87 1.20149 2.37618
2140.8 1.19874 2.37356
2138.74 1.19599 2.37094
2136.68 1.19348 2.3684
2134.62 1.1911 2.3659
2132.57 1.18872 2.3634
2130.53 1.18634 2.3609
2128.48 1.18396 2.35839
2126.44 1.18157 2.35589
2124.41 1.17917 2.35338
2122.38 1.17677 2.35087
2120.35 1.17437 2.34835
2118.33 1.17197 2.34584
2116.31 1.16956 2.34332
2114.29 1.16714 2.3408
2112.28 1.16472 2.33828
2110.27 1.1623 2.33575
2108.27 1.15987 2.33322
2106.27 1.15744 2.33069
2104.27 1.15501 2.32816
2102.28 1.15257 2.32563
2100.29 1.15021 2.32309
2098.3 1.14801 2.32054
2096.32 1.1458 2.31799
2094.35 1.14359 2.31543
2092.37 1.14137 2.31288
2090.4 1.13915 2.31032
2088.43 1.13693 2.30775
2086.47 1.1347 2.30519
2084.51 1.13247 2.30262
2082.56 1.13024 2.30005
2080.6 1.128 2.29748
2078.66 1.12576 2.29491
2076.71 1.12351 2.29233
2074.77 1.12126 2.28975
2072.83 1.11901 2.28717
2070.9 1.11675 2.28458
2068.97 1.11449 2.28199
2067.04 1.11223 2.2794
2065.12 1.10996 2.27681
2063.2 1.10769 2.27422
2061.28 1.10541 2.27162
2059.37 1.10313 2.26902
2057.46 1.10085 2.26641
2055.56 1.09856 2.26381
2053.66 1.09627 2.2612
2051.76 1.09397 2.25859
2049.86 1.09167 2.25598
2047.97 1.08936 2.25336
2046.09 1.08706 2.25074
2044.2 1.08474 2.24812
2042.32 1.08243 2.24549
2040.44 1.08011 2.24287
2038.57 1.07778 2.24024
2036.7 1.07545 2.23761
2034.83 1.07312 2.23497
2032.97 1.07078 2.23233
2031.11 1.06844 2.22969
2029.25 1.06609 2.22705
2027.4 1.06374 2.2244
2025.55 1.06139 2.22175
2023.7 1.05903 2.2191
2021.86 1.05667 2.21645
2020.02 1.0543 2.21379
2018.18 1.05193 2.21113
2016.35 1.04955 2.20847
2014.52 1.04717 2.20581
2012.69 1.04478 2.20314
2010.87 1.04239 2.20047
2009.05 1.04 2.19779
2007.23 1.0376 2.19512
2005.42 1.0352 2.19244
2003.61 1.03279 2.18976
2001.8 1.03038 2.18707
2000 1.02796 2.18439
