20000 0.938707 13.7987
19626.7 0.91351 13.6064
19267.1 0.887771 13.4113
18920.5 0.86146 13.2134
18586 0.83454 13.0124
18263.3 0.806973 12.8083
17951.5 0.778717 12.601
17650.2 0.749724 12.3901
17358.8 0.719942 12.1757
17076.9 0.689312 11.9574
16804 0.657768 11.7351
16539.7 0.625238 11.5086
16283.6 0.605498 11.3494
16035.3 0.585862 11.1907
15794.5 0.565776 11.0298
15560.7 0.545215 10.8665
15333.8 0.524148 10.7008
15113.5 0.502542 10.5324
14899.3 0.480359 10.3613
14691.2 0.45756 10.1874
14488.8 0.44119 10.0356
14291.8 0.431508 9.90641
14100.2 0.421643 9.77554
13913.6 0.411587 9.64289
13732 0.401328 9.5084
13555 0.390855 9.37198
13382.5 0.380156 9.23354
13214.3 0.369216 9.093
13050.3 0.358021 8.95026
12890.3 0.351333 8.84345
12734.2 0.344543 8.73541
12581.9 0.337636 8.62602
12433.1 0.330605 8.51522
12287.8 0.322401 8.41863
12145.9 0.313744 8.32555
12007.2 0.30493 8.23142
11871.7 0.295951 8.1362
11739.1 0.2868 8.03986
11609.5 0.277468 7.94236
11482.8 0.267945 7.84364
11358.7 0.25822 7.74368
11237.3 0.25024 7.64922
11118.5 0.247416 7.57209
11002.2 0.24456 7.49416
10888.3 0.241671 7.41541
10776.7 0.238747 7.33582
10667.4 0.235788 7.25535
10560.3 0.232791 7.17399
10455.3 0.229756 7.09169
10352.3 0.226681 7.00842
10251.4 0.223547 6.94026
10152.4 0.220368 6.876
10055.4 0.217149 6.81113
9960.12 0.213887 6.74564
9866.67 0.210582 6.67951
9774.95 0.207232 6.61271
9684.92 0.203834 6.54524
9596.54 0.200387 6.47706
9509.76 0.19677 6.41276
9424.53 0.192843 6.35788
9340.81 0.188861 6.30252
9258.57 0.184824 6.24667
9177.77 0.180728 6.19032
9098.36 0.176571 6.13345
9020.32 0.172352 6.07605
8943.6 0.168068 6.0181
8868.18 0.163716 5.95959
8794.01 0.161303 5.90709
8721.08 0.159254 5.8554
8649.35 0.157181 5.80326
8578.79 0.155083 5.75064
8509.37 0.152959 5.69754
8441.06 0.150809 5.64393
8373.85 0.148631 5.58982
8307.69 0.146424 5.53517
8242.57 0.144904 5.48316
8178.47 0.144644 5.43631
8115.35 0.14439 5.38906
8053.2 0.144143 5.34138
7992 0.143903 5.29328
7931.72 0.143671 5.24474
7872.34 0.143447 5.19574
7813.84 0.143231 5.14628
7756.21 0.143025 5.09634
7699.42 0.143364 5.06177
7643.46 0.143791 5.02926
7588.3 0.14423 4.99655
7533.94 0.144681 4.96361
7480.34 0.145144 4.93046
7427.51 0.14562 4.89709
7375.42 0.14611 4.86349
7324.05 0.146613 4.82965
7273.39 0.147131 4.79558
7223.43 0.147664 4.76126
7174.15 0.147537 4.72273
7125.53 0.146325 4.67747
7077.58 0.145103 4.63177
7030.26 0.143872 4.58562
6983.57 0.142629 4.53899
6937.5 0.141377 4.49188
6892.03 0.140113 4.44428
6847.16 0.139971 4.40973
6802.86 0.139946 4.37625
6759.13 0.13993 4.34251
6715.97 0.139921 4.30851
6673.35 0.139922 4.27423
6631.26 0.139931 4.23968
6589.71 0.13995 4.20485
6548.67 0.139979 4.16972
6508.14 0.139546 4.13639
6468.11 0.138514 4.10544
6428.57 0.137475 4.07426
6389.51 0.136427 4.04284
6350.92 0.135371 4.01117
6312.8 0.134307 3.97924
6275.13 0.133235 3.94706
6237.9 0.132154 3.91462
6201.12 0.131063 3.8819
6164.76 0.129924 3.85617
6128.83 0.128773 3.83071
6093.32 0.127612 3.80508
6058.22 0.126441 3.77928
6023.52 0.12526 3.75329
5989.21 0.124068 3.72713
5955.29 0.122866 3.70079
5921.75 0.121653 3.67425
5888.59 0.120938 3.64876
5855.8 0.120806 3.62452
5823.38 0.120679 3.60012
5791.3 0.120555 3.57555
5759.58 0.120435 3.55081
5728.21 0.120319 3.5259
5697.18 0.120208 3.50081
5666.48 0.120102 3.47554
5636.11 0.12 3.45009
5606.06 0.120982 3.4271
5576.33 0.121986 3.40396
5546.92 0.12301 3.38067
5517.81 0.124054 3.35721
5489.01 0.125118 3.33359
5460.51 0.126205 3.30981
5432.3 0.127313 3.28585
5404.38 0.128445 3.26172
5376.75 0.129046 3.23933
5349.4 0.129141 3.2186
5322.32 0.129242 3.19773
5295.52 0.12935 3.17672
5268.99 0.129465 3.15557
5242.72 0.129588 3.13429
5216.71 0.129718 3.11285
5190.96 0.129856 3.09127
5165.46 0.129999 3.06954
5140.21 0.129973 3.04779
5115.21 0.129954 3.02588
5090.45 0.129941 3.00382
5065.92 0.129934 2.98159
5041.64 0.129935 2.95919
5017.58 0.129944 2.93663
4993.75 0.12996 2.91389
4970.15 0.129985 2.89097
4946.77 0.130106 2.87033
4923.61 0.130314 2.85179
4900.66 0.13053 2.83314
4877.93 0.130755 2.81436
4855.41 0.130989 2.79545
4833.09 0.131233 2.77642
4810.98 0.131485 2.75725
4789.07 0.131748 2.73795
4767.36 0.132099 2.71861
4745.84 0.133415 2.70026
4724.52 0.134755 2.68179
4703.39 0.13612 2.66319
4682.45 0.137512 2.64446
4661.69 0.138929 2.6256
4641.11 0.140375 2.60661
4620.72 0.14185 2.58747
4600.51 0.143354 2.5682
4580.47 0.144766 2.55007
4560.6 0.146113 2.53275
4540.91 0.147485 2.51531
4521.38 0.148884 2.49775
4502.03 0.15031 2.48008
4482.84 0.151764 2.46227
4463.81 0.153248 2.44434
4444.94 0.154761 2.42628
4426.23 0.156306 2.40809
4407.68 0.157139 2.38398
4389.28 0.157411 2.35497
4371.03 0.157714 2.32559
4352.94 0.15805 2.29585
4335 0.158423 2.26571
4317.2 0.158834 2.23518
4299.55 0.159287 2.20422
4282.04 0.159785 2.17283
4264.67 0.160894 2.15651
4247.45 0.162402 2.15064
4230.36 0.16392 2.14475
4213.41 0.165447 2.13885
4196.6 0.166983 2.13294
4179.92 0.16853 2.12701
4163.37 0.170086 2.12107
4146.95 0.171652 2.11511
4130.66 0.172992 2.10737
4114.5 0.172941 2.08907
4098.46 0.172903 2.07061
4082.55 0.172878 2.05198
4066.76 0.172867 2.03319
4051.09 0.172871 2.01421
4035.55 0.17289 1.99506
4020.12 0.172926 1.97573
4004.81 0.172979 1.95621
3989.62 0.174399 1.93906
3974.54 0.176482 1.92297
3959.57 0.178613 1.90674
3944.72 0.180793 1.89039
3929.98 0.183024 1.87389
3915.34 0.185308 1.85726
3900.82 0.187649 1.84049
3886.4 0.190047 1.82358
3872.09 0.192164 1.80678
3857.89 0.192984 1.79087
3843.79 0.193835 1.77483
3829.79 0.194717 1.75865
3815.89 0.195631 1.74232
3802.09 0.19658 1.72584
3788.4 0.197565 1.7092
3774.8 0.198588 1.69241
3761.3 0.199651 1.67545
3747.89 0.1989 1.66524
3734.58 0.197274 1.65823
3721.36 0.195638 1.65118
3708.24 0.193991 1.64411
3695.21 0.192334 1.637
3682.27 0.190665 1.62987
3669.42 0.188986 1.6227
3656.66 0.187296 1.6155
3643.99 0.186548 1.60549
3631.41 0.1889 1.58643
3618.91 0.191336 1.56715
3606.5 0.193861 1.54765
3594.17 0.19648 1.52791
3581.93 0.199199 1.50794
3569.77 0.202025 1.48771
3557.69 0.204965 1.46723
3545.7 0.208026 1.44648
3533.78 0.210921 1.42462
3521.95 0.213821 1.40207
3510.19 0.216869 1.37917
3498.51 0.220077 1.35593
3486.91 0.223459 1.33231
3475.39 0.22703 1.30831
3463.94 0.230806 1.28391
3452.57 0.234807 1.25909
3441.27 0.239041 1.23339
3430.04 0.243525 1.20578
3418.89 0.248338 1.17761
3407.81 0.253516 1.14885
3396.8 0.259124 1.11946
3385.87 0.26632 1.08904
3375 0.274103 1.05795
3364.2 0.282551 1.02615
3353.47 0.291752 0.993635
3342.81 0.301489 0.961165
3332.22 0.312047 0.928216
3321.7 0.326772 0.890779
3311.24 0.355229 0.839163
3300.84 0.386948 0.793928
3290.51 0.421088 0.756254
3280.25 0.457936 0.719946
3270.05 0.49732 0.685534
3259.91 0.536354 0.656008
3249.84 0.570833 0.634255
3239.82 0.605966 0.614315
3229.87 0.654368 0.589179
3219.98 0.708069 0.564971
3210.15 0.750336 0.548098
3200.38 0.79213 0.533343
3190.67 0.847367 0.518955
3181.02 0.917628 0.506217
3171.43 0.968339 0.506765
3161.89 1.01276 0.510786
3152.41 1.06157 0.518205
3142.99 1.12359 0.533525
3133.63 1.17129 0.550571
3124.32 1.2091 0.568504
3115.06 1.24576 0.585887
3105.86 1.29333 0.62372
3096.71 1.33232 0.657534
3087.62 1.35798 0.686159
3078.58 1.3833 0.713898
3069.6 1.40828 0.740818
3060.66 1.43257 0.767096
3051.78 1.44774 0.795631
3042.95 1.46296 0.823546
3034.17 1.47821 0.850869
3025.44 1.49348 0.877627
3016.76 1.50087 0.904403
3008.13 1.50692 0.930922
2999.55 1.51319 0.95709
2991.02 1.51966 0.982913
2982.53 1.52131 1.00536
2974.1 1.52042 1.02598
2965.71 1.51972 1.04648
2957.37 1.51922 1.06687
2949.08 1.51817 1.0846
2940.83 1.51588 1.0976
2932.63 1.51368 1.11057
2924.47 1.51157 1.12352
2916.36 1.50955 1.13644
2908.3 1.50761 1.14932
2900.28 1.50575 1.16218
2892.3 1.50398 1.175
2884.37 1.50228 1.18779
2876.48 1.49931 1.19688
2868.63 1.49611 1.2052
2860.82 1.49294 1.21351
2853.06 1.48981 1.22183
2845.34 1.48673 1.23016
2837.67 1.48368 1.23848
2830.03 1.48068 1.2468
2822.43 1.47772 1.25512
2814.88 1.47426 1.2624
2807.36 1.47008 1.26822
2799.89 1.46593 1.27405
2792.45 1.4618 1.27989
2785.06 1.45769 1.28575
2777.7 1.4536 1.29162
2770.38 1.44954 1.2975
2763.1 1.44549 1.30339
2755.86 1.44148 1.30929
2748.66 1.43716 1.31203
2741.49 1.4328 1.31435
2734.36 1.42844 1.31668
2727.27 1.42409 1.31902
2720.22 1.41973 1.32138
2713.2 1.41538 1.32374
2706.22 1.41103 1.32612
2699.27 1.40668 1.32852
2692.36 1.4025 1.33089
2685.48 1.39857 1.33323
2678.64 1.39465 1.33558
2671.84 1.39073 1.33794
2665.07 1.38682 1.3403
2658.33 1.38291 1.34268
2651.63 1.379 1.34507
2644.96 1.37509 1.34747
2638.32 1.37119 1.34988
2631.72 1.36788 1.34999
2625.15 1.36459 1.34997
2618.61 1.3613 1.34997
2612.11 1.358 1.34996
2605.63 1.3547 1.34996
2599.19 1.3514 1.34997
2592.78 1.34809 1.34998
2586.41 1.34478 1.34999
2580.06 1.34175 1.34999
2573.75 1.33907 1.34999
2567.46 1.33638 1.34998
2561.21 1.33368 1.34998
2554.99 1.33099 1.34998
2548.79 1.32829 1.34998
2542.63 1.32559 1.34998
2536.5 1.32288 1.34999
2530.4 1.32018 1.35
2524.32 1.31755 1.34999
2518.28 1.31494 1.34998
2512.26 1.31231 1.34998
2506.27 1.30969 1.34998
2500.31 1.30707 1.34998
2494.38 1.30444 1.34998
2488.48 1.30181 1.34999
2482.6 1.29917 1.35
2476.76 1.29694 1.34935
2470.94 1.29503 1.34819
2465.14 1.29311 1.34702
2459.38 1.29119 1.34585
2453.64 1.28927 1.34469
2447.93 1.28735 1.34352
2442.24 1.28542 1.34235
2436.59 1.28349 1.34118
2430.95 1.28156 1.34001
2425.35 1.27963 1.33884
2419.77 1.27769 1.33766
2414.21 1.27575 1.33649
2408.68 1.27381 1.33532
2403.18 1.27187 1.33414
2397.7 1.26992 1.33297
2392.24 1.26797 1.33179
2386.81 1.26602 1.33061
2381.41 1.26424 1.32944
2376.03 1.26266 1.32826
2370.67 1.26107 1.32708
2365.34 1.25949 1.32591
2360.03 1.2579 1.32473
2354.74 1.25631 1.32355
2349.48 1.25472 1.32237
2344.24 1.25312 1.32118
2339.03 1.25153 1.32
2333.84 1.24993 1.31882
2328.67 1.24833 1.31763
2323.53 1.24673 1.31645
2318.4 1.24512 1.31526
2313.3 1.24352 1.31408
2308.23 1.24191 1.31289
2303.17 1.2403 1.3117
2298.14 1.23869 1.31051
2293.13 1.23699 1.30966
2288.14 1.23524 1.30907
2283.17 1.23348 1.30848
2278.22 1.23172 1.30789
2273.3 1.22996 1.30729
2268.39 1.2282 1.3067
2263.51 1.22644 1.30611
2258.65 1.22467 1.30552
2253.81 1.22291 1.30493
2248.99 1.22114 1.30434
2244.19 1.21936 1.30375
2239.41 1.21759 1.30317
2234.65 1.21582 1.30258
2229.91 1.21404 1.30199
2225.19 1.21226 1.3014
2220.49 1.21048 1.30082
2215.81 1.20869 1.30023
2211.16 1.20675 1.29963
2206.52 1.20469 1.29904
2201.9 1.20263 1.29844
2197.29 1.20058 1.29784
2192.71 1.19851 1.29725
2188.15 1.19645 1.29665
2183.61 1.19438 1.29606
2179.08 1.19231 1.29547
2174.58 1.19024 1.29487
2170.09 1.18817 1.29428
2165.62 1.18609 1.29369
2161.17 1.18401 1.2931
2156.74 1.18193 1.29251
2152.32 1.17984 1.29192
2147.93 1.17775 1.29133
2143.55 1.17566 1.29075
2139.19 1.17357 1.29016
2134.84 1.171 1.28915
2130.52 1.16823 1.28798
2126.21 1.16547 1.28681
2121.92 1.1627 1.28564
2117.65 1.15992 1.28448
2113.39 1.15714 1.28331
2109.15 1.15435 1.28214
2104.93 1.15156 1.28097
2100.73 1.14876 1.27981
2096.54 1.14595 1.27864
2092.37 1.14314 1.27747
2088.21 1.14033 1.27631
2084.07 1.13751 1.27514
2079.95 1.13469 1.27398
2075.84 1.13186 1.27281
2071.75 1.12902 1.27165
2067.68 1.12618 1.27048
2063.62 1.1231 1.26929
2059.58 1.11985 1.26807
2055.56 1.1166 1.26686
2051.55 1.11334 1.26565
2047.55 1.11007 1.26444
2043.57 1.1068 1.26323
2039.61 1.10352 1.26202
2035.66 1.10023 1.26082
2031.73 1.09702 1.25925
2027.81 1.094 1.25692
2023.91 1.09098 1.25458
2020.02 1.08794 1.25224
2016.15 1.0849 1.2499
2012.29 1.08185 1.24756
2008.44 1.07879 1.24521
2004.62 1.07572 1.24285
2000.8 1.07265 1.2405
1997 1.06981 1.23726
1993.22 1.06702 1.23378
1989.45 1.06423 1.23029
1985.69 1.06143 1.22679
1981.95 1.05862 1.22328
1978.22 1.05581 1.21977
1974.5 1.05299 1.21624
1970.8 1.05016 1.2127
1967.12 1.04717 1.20917
1963.44 1.0437 1.2057
1959.78 1.04022 1.20221
1956.14 1.03673 1.19872
1952.51 1.03323 1.19522
1948.89 1.02972 1.19171
1945.28 1.02619 1.18818
1941.69 1.02266 1.18465
1938.11 1.01911 1.18111
1934.55 1.01706 1.17798
1930.99 1.0157 1.17505
1927.46 1.01433 1.17211
1923.93 1.01296 1.16916
1920.42 1.01159 1.16621
1916.91 1.01022 1.16325
1913.43 1.00885 1.16028
1909.95 1.00748 1.1573
1906.49 1.00611 1.15432
1903.04 1.00474 1.15133
1899.6 1.00336 1.14834
1896.18 1.00199 1.14533
1892.76 1.00061 1.14232
1889.36 0.999234 1.13931
1885.97 0.997855 1.13628
1882.6 0.996476 1.13325
1879.23 0.995096 1.13021
1875.88 0.993599 1.12682
1872.54 0.992093 1.1234
1869.21 0.990587 1.11997
1865.89 0.989079 1.11653
1862.59 0.98757 1.11308
1859.3 0.98606 1.10963
1856.01 0.98455 1.10616
1852.74 0.983038 1.10268
1849.49 0.981526 1.09919
1846.24 0.980012 1.09569
1843 0.978498 1.09219
1839.78 0.976983 1.08867
1836.57 0.975467 1.08514
1833.36 0.973951 1.08161
1830.17 0.972433 1.07806
1826.99 0.970915 1.0745
1823.82 0.969396 1.07093
1820.67 0.96829 1.06744
1817.52 0.967331 1.06396
1814.38 0.966373 1.06047
1811.26 0.965417 1.05698
1808.14 0.964464 1.05348
1805.04 0.963512 1.04996
1801.95 0.962562 1.04644
1798.87 0.961614 1.04291
1795.79 0.960668 1.03937
1792.73 0.959725 1.03582
1789.68 0.958783 1.03227
1786.64 0.957844 1.0287
1783.61 0.956907 1.02512
1780.59 0.955973 1.02153
1777.58 0.95504 1.01794
1774.58 0.954111 1.01433
1771.59 0.953183 1.01072
1768.61 0.95241 1.00725
1765.64 0.951676 1.00382
1762.68 0.950946 1.00039
1759.73 0.950219 0.996938
1756.79 0.949495 0.993483
1753.86 0.948773 0.990018
1750.94 0.948056 0.986546
1748.03 0.947341 0.983064
1745.13 0.946629 0.979574
1742.24 0.945921 0.976075
1739.36 0.945217 0.972567
1736.49 0.944516 0.969051
1733.62 0.943818 0.965526
1730.77 0.943124 0.961992
1727.93 0.942434 0.958449
1725.09 0.941747 0.954897
1722.27 0.941064 0.951335
1719.45 0.940698 0.947935
1716.64 0.940369 0.944544
1713.84 0.940045 0.941146
1711.06 0.939726 0.937741
1708.28 0.939412 0.934328
1705.51 0.939102 0.930908
1702.74 0.938799 0.927481
1699.99 0.9385 0.924047
1697.25 0.938206 0.920605
1694.51 0.937918 0.917156
1691.79 0.937635 0.913699
1689.07 0.937358 0.910235
1686.36 0.937086 0.906764
1683.66 0.93682 0.903285
1680.97 0.93656 0.899799
1678.29 0.936305 0.896305
1675.61 0.936056 0.892804
1672.95 0.935912 0.889313
1670.29 0.935804 0.88582
1667.64 0.935701 0.882321
1665 0.935606 0.878814
1662.37 0.935517 0.875301
1659.74 0.935435 0.87178
1657.13 0.93536 0.868253
1654.52 0.935292 0.864718
1651.92 0.93523 0.861177
1649.33 0.935176 0.857629
1646.75 0.935129 0.854074
1644.17 0.935089 0.850512
1641.61 0.935056 0.846943
1639.05 0.93503 0.843367
1636.5 0.935013 0.839784
1633.95 0.935002 0.836194
1631.42 0.935 0.832598
1628.89 0.935189 0.828929
1626.37 0.935423 0.825242
1623.86 0.935666 0.821548
1621.36 0.935919 0.817848
1618.86 0.93618 0.814142
1616.37 0.936452 0.81043
1613.89 0.936732 0.806712
1611.42 0.937023 0.802989
1608.95 0.937322 0.799259
1606.5 0.937632 0.795523
1604.05 0.937951 0.791782
1601.6 0.938281 0.788034
1599.17 0.93862 0.784281
1596.74 0.93897 0.780522
1594.32 0.93933 0.776758
1591.91 0.9397 0.772988
1589.5 0.940245 0.769207
1587.1 0.94143 0.765401
1584.71 0.942628 0.761595
1582.32 0.943839 0.757788
1579.95 0.945063 0.75398
1577.58 0.9463 0.750171
1575.21 0.947551 0.746362
1572.86 0.948815 0.742552
1570.51 0.950092 0.738743
1568.17 0.951383 0.734933
1565.83 0.952688 0.731123
1563.5 0.954005 0.727313
1561.18 0.955337 0.723503
1558.87 0.956682 0.719694
1556.56 0.95804 0.715885
1554.26 0.959412 0.712077
1551.97 0.960798 0.70827
1549.68 0.962245 0.704565
1547.4 0.963988 0.701479
1545.12 0.96574 0.698397
1542.86 0.967503 0.69532
1540.6 0.969275 0.692247
1538.34 0.971056 0.689178
1536.1 0.972847 0.686114
1533.86 0.974648 0.683054
1531.62 0.976458 0.679999
1529.39 0.978278 0.676949
1527.17 0.980107 0.673904
1524.96 0.981945 0.670863
1522.75 0.983793 0.667828
1520.55 0.98565 0.664798
1518.35 0.987517 0.661772
1516.16 0.989392 0.658752
1513.98 0.991277 0.655738
1511.8 0.993197 0.652772
1509.63 0.995385 0.650248
1507.47 0.997579 0.647731
1505.31 0.99978 0.645222
1503.16 1.00199 0.642719
1501.01 1.0042 0.640224
1498.87 1.00642 0.637736
1496.74 1.00864 0.635255
1494.61 1.01087 0.632782
1492.49 1.01311 0.630315
1490.38 1.01535 0.627857
1488.27 1.01759 0.625405
1486.16 1.01985 0.622961
1484.07 1.0221 0.620525
1481.98 1.02437 0.618096
1479.89 1.02664 0.615675
1477.81 1.02891 0.613261
1475.74 1.03119 0.610855
1473.67 1.03361 0.608816
1471.61 1.03611 0.606984
1469.55 1.03862 0.60516
1467.5 1.04112 0.603344
1465.45 1.04363 0.601536
1463.41 1.04614 0.599735
1461.38 1.04865 0.597942
1459.35 1.05116 0.596157
1457.33 1.05368 0.59438
1455.31 1.05619 0.59261
1453.3 1.05871 0.590848
1451.3 1.06123 0.589094
1449.3 1.06374 0.587347
1447.3 1.06626 0.585608
1445.31 1.06878 0.583877
1443.33 1.07131 0.582153
1441.35 1.07375 0.58064
1439.38 1.07605 0.579547
1437.41 1.07834 0.578459
1435.45 1.08063 0.577377
1433.49 1.08291 0.576299
1431.54 1.0852 0.575227
1429.59 1.08749 0.57416
1427.65 1.08977 0.573097
1425.72 1.09206 0.57204
1423.79 1.09434 0.570988
1421.86 1.09662 0.569941
1419.94 1.09891 0.568899
1418.03 1.10119 0.567861
1416.12 1.10346 0.566829
1414.21 1.10574 0.565802
1412.31 1.10802 0.564779
1410.42 1.11029 0.563761
1408.53 1.11255 0.562829
1406.65 1.11477 0.562146
1404.77 1.11699 0.561467
1402.89 1.11921 0.560791
1401.02 1.12142 0.560119
1399.16 1.12363 0.559451
1397.3 1.12584 0.558787
1395.45 1.12805 0.558126
1393.6 1.13025 0.557468
1391.75 1.13246 0.556815
1389.91 1.13466 0.556165
1388.08 1.13686 0.555518
1386.25 1.13905 0.554875
1384.42 1.14125 0.554236
1382.6 1.14344 0.5536
1380.79 1.14563 0.552968
1378.98 1.14782 0.552339
1377.17 1.1499 0.55194
1375.37 1.15186 0.55181
1373.57 1.15382 0.551682
1371.78 1.15578 0.551555
1369.99 1.15773 0.551431
1368.21 1.15969 0.551307
1366.43 1.16164 0.551186
1364.66 1.16358 0.551066
1362.89 1.16553 0.550947
1361.13 1.16747 0.55083
1359.37 1.16941 0.550715
1357.61 1.17134 0.550601
1355.86 1.17328 0.550489
1354.12 1.17521 0.550378
1352.38 1.17714 0.550269
1350.64 1.17907 0.550161
1348.91 1.18099 0.550055
1347.18 1.18253 0.55018
1345.45 1.18365 0.55056
1343.74 1.18477 0.550938
1342.02 1.18589 0.551317
1340.31 1.18701 0.551695
1338.6 1.18813 0.552074
1336.9 1.18924 0.552451
1335.2 1.19036 0.552829
1333.51 1.19147 0.553207
1331.82 1.19258 0.553584
1330.14 1.19369 0.553961
1328.46 1.1948 0.554338
1326.78 1.19591 0.554714
1325.11 1.19702 0.555091
1323.44 1.19813 0.555467
1321.78 1.19923 0.555843
1320.12 1.20034 0.556218
1318.46 1.20144 0.556594
1316.81 1.20255 0.556969
1315.17 1.20365 0.557344
1313.52 1.20475 0.557718
1311.88 1.20585 0.558093
1310.25 1.20695 0.558467
1308.62 1.20805 0.558841
1306.99 1.20914 0.559215
1305.37 1.21024 0.559589
1303.75 1.21133 0.559962
1302.14 1.21243 0.560335
1300.53 1.21352 0.560708
1298.92 1.21461 0.561081
1297.32 1.21571 0.561454
1295.72 1.2168 0.561826
1294.13 1.21789 0.562198
1292.53 1.21897 0.56257
1290.95 1.22006 0.562941
1289.36 1.22115 0.563313
1287.79 1.22223 0.563684
1286.21 1.22332 0.564055
1284.64 1.2244 0.564426
1283.07 1.22548 0.564796
1281.51 1.22657 0.565167
1279.95 1.22765 0.565537
1278.39 1.22873 0.565907
1276.84 1.22936 0.566059
1275.29 1.22983 0.566138
1273.75 1.23031 0.566217
1272.21 1.23079 0.566297
1270.67 1.23127 0.566376
1269.14 1.23174 0.566455
1267.61 1.23222 0.566534
1266.08 1.2327 0.566613
1264.56 1.23318 0.566693
1263.04 1.23365 0.566772
1261.52 1.23413 0.566851
1260.01 1.2346 0.56693
1258.5 1.23508 0.56701
1257 1.23556 0.567089
1255.5 1.23603 0.567168
1254 1.23651 0.567248
1252.51 1.23698 0.567327
1251.02 1.23746 0.567406
1249.53 1.23793 0.567486
1248.05 1.23841 0.567565
1246.57 1.23888 0.567645
1245.09 1.23936 0.567724
1243.62 1.23983 0.567804
1242.15 1.2403 0.567883
1240.69 1.24078 0.567963
1239.22 1.24123 0.567915
1237.76 1.24167 0.567756
1236.31 1.2421 0.567597
1234.86 1.24253 0.567438
1233.41 1.24297 0.567279
1231.96 1.2434 0.56712
1230.52 1.24384 0.566961
1229.08 1.24427 0.566802
1227.65 1.24471 0.566644
1226.22 1.24514 0.566486
1224.79 1.24557 0.566328
1223.37 1.24601 0.56617
1221.94 1.24644 0.566012
1220.53 1.24688 0.565854
1219.11 1.24731 0.565697
1217.7 1.24774 0.565539
1216.29 1.24818 0.565382
1214.89 1.24861 0.565225
1213.48 1.24904 0.565068
1212.08 1.24948 0.564911
1210.69 1.24991 0.564754
1209.3 1.25034 0.564598
1207.91 1.25078 0.564441
1206.52 1.25121 0.564285
1205.14 1.25164 0.564129
1203.76 1.25209 0.563972
1202.38 1.2526 0.563812
1201.01 1.25312 0.563653
1199.64 1.25363 0.563493
1198.27 1.25414 0.563334
1196.91 1.25466 0.563175
1195.55 1.25517 0.563016
1194.19 1.25568 0.562858
1192.84 1.25619 0.562699
1191.48 1.25671 0.562541
1190.14 1.25722 0.562383
1188.79 1.25773 0.562225
1187.45 1.25824 0.562067
1186.11 1.25876 0.561909
1184.77 1.25927 0.561752
1183.44 1.25978 0.561595
1182.11 1.26029 0.561438
1180.78 1.2608 0.561281
1179.46 1.26132 0.561124
1178.14 1.26183 0.560968
1176.82 1.26234 0.560811
1175.5 1.26285 0.560655
1174.19 1.26336 0.560499
1172.88 1.26387 0.560343
1171.57 1.26438 0.560188
1170.27 1.26489 0.560032
1168.97 1.26546 0.559999
1167.67 1.26604 0.559998
1166.37 1.26661 0.559997
1165.08 1.26719 0.559996
1163.79 1.26777 0.559995
1162.51 1.26834 0.559994
1161.22 1.26892 0.559994
1159.94 1.2695 0.559993
1158.66 1.27007 0.559993
1157.39 1.27065 0.559992
1156.12 1.27122 0.559992
1154.85 1.2718 0.559992
1153.58 1.27238 0.559992
1152.32 1.27295 0.559992
1151.05 1.27352 0.559992
1149.8 1.2741 0.559992
1148.54 1.27467 0.559993
1147.29 1.27525 0.559993
1146.04 1.27582 0.559993
1144.79 1.2764 0.559994
1143.54 1.27697 0.559995
1142.3 1.27754 0.559996
1141.06 1.27811 0.559996
1139.83 1.27869 0.559997
1138.59 1.27926 0.559998
1137.36 1.27983 0.56
1136.13 1.28037 0.560142
1134.9 1.28089 0.560342
1133.68 1.28141 0.560542
1132.46 1.28193 0.560742
1131.24 1.28245 0.560942
1130.03 1.28297 0.561142
1128.81 1.28349 0.561342
1127.6 1.28401 0.561542
1126.4 1.28453 0.561742
1125.19 1.28505 0.561942
1123.99 1.28557 0.562141
1122.79 1.28609 0.562341
1121.59 1.28661 0.56254
1120.39 1.28713 0.56274
1119.2 1.28764 0.562939
1118.01 1.28816 0.563139
1116.83 1.28868 0.563338
1115.64 1.2892 0.563537
1114.46 1.28972 0.563736
1113.28 1.29023 0.563935
1112.1 1.29075 0.564134
1110.93 1.29127 0.564333
1109.75 1.29178 0.564532
1108.58 1.2923 0.56473
1107.42 1.29282 0.564929
1106.25 1.29318 0.565202
1105.09 1.29345 0.565517
1103.93 1.29373 0.565831
1102.77 1.294 0.566145
1101.62 1.29427 0.566459
1100.46 1.29455 0.566773
1099.31 1.29482 0.567087
1098.16 1.2951 0.567401
1097.02 1.29537 0.567714
1095.88 1.29564 0.568028
1094.73 1.29592 0.568341
1093.6 1.29619 0.568654
1092.46 1.29647 0.568968
1091.33 1.29674 0.569281
1090.19 1.29701 0.569593
1089.07 1.29729 0.569906
1087.94 1.29756 0.570219
1086.81 1.29784 0.570531
1085.69 1.29811 0.570844
1084.57 1.29838 0.571156
1083.46 1.29866 0.571468
1082.34 1.29893 0.57178
1081.23 1.2992 0.572092
1080.12 1.29948 0.572404
1079.01 1.29975 0.572716
1077.9 1.30001 0.573018
1076.8 1.30017 0.573218
1075.7 1.30033 0.573418
1074.6 1.30049 0.573618
1073.5 1.30065 0.573818
1072.41 1.30081 0.574017
1071.31 1.30097 0.574217
1070.22 1.30113 0.574417
1069.14 1.30129 0.574617
1068.05 1.30145 0.574817
1066.97 1.30161 0.575016
1065.88 1.30177 0.575216
1064.8 1.30193 0.575415
1063.73 1.30209 0.575615
1062.65 1.30225 0.575814
1061.58 1.30241 0.576014
1060.51 1.30257 0.576213
1059.44 1.30273 0.576413
1058.37 1.30289 0.576612
1057.31 1.30305 0.576811
1056.25 1.30321 0.57701
1055.19 1.30337 0.577209
1054.13 1.30353 0.577409
1053.08 1.30369 0.577608
1052.02 1.30384 0.577807
1050.97 1.304 0.578003
1049.92 1.30416 0.578122
1048.87 1.30432 0.57824
1047.83 1.30448 0.578359
1046.79 1.30464 0.578477
1045.74 1.30479 0.578595
1044.71 1.30495 0.578714
1043.67 1.30511 0.578832
1042.63 1.30527 0.57895
1041.6 1.30542 0.579069
1040.57 1.30558 0.579187
1039.54 1.30574 0.579305
1038.52 1.3059 0.579423
1037.49 1.30605 0.579542
1036.47 1.30621 0.57966
1035.45 1.30637 0.579778
1034.43 1.30653 0.579896
1033.41 1.30668 0.580014
1032.4 1.30684 0.580132
1031.39 1.307 0.58025
1030.37 1.30716 0.580369
1029.37 1.30731 0.580487
1028.36 1.30747 0.580605
1027.35 1.30763 0.580723
1026.35 1.30779 0.580841
1025.35 1.30794 0.580959
1024.35 1.30813 0.581133
1023.36 1.30834 0.581338
1022.36 1.30854 0.581544
1021.37 1.30875 0.581749
1020.38 1.30895 0.581954
1019.39 1.30916 0.582159
1018.4 1.30936 0.582364
1017.42 1.30957 0.582569
1016.43 1.30977 0.582774
1015.45 1.30998 0.582979
1014.47 1.31018 0.583184
1013.49 1.31038 0.583389
1012.52 1.31059 0.583593
1011.54 1.31079 0.583798
1010.57 1.311 0.584003
1009.6 1.3112 0.584207
1008.63 1.31141 0.584412
1007.67 1.31161 0.584616
1006.7 1.31182 0.584821
1005.74 1.31202 0.585025
1004.78 1.31223 0.585229
1003.82 1.31243 0.585434
1002.86 1.31263 0.585638
1001.91 1.31284 0.585842
1000.95 1.31304 0.586046
1000 1.31325 0.58625
