20000 0.895483 13.9818
19626.7 0.863874 13.7123
19267.1 0.834046 13.4529
18920.5 0.805866 13.2029
18586 0.779213 12.9618
18263.3 0.753978 12.7292
17951.5 0.730059 12.5046
17650.2 0.707365 12.2877
17358.8 0.685814 12.0779
17076.9 0.665328 11.875
16804 0.645837 11.6786
16539.7 0.627277 11.4885
16283.6 0.609589 11.3042
16035.3 0.592717 11.1256
15794.5 0.576612 10.9523
15560.7 0.561227 10.7842
15333.8 0.546518 10.621
15113.5 0.532446 10.4625
14899.3 0.518974 10.3084
14691.2 0.506067 10.1587
14488.8 0.493693 10.0131
14291.8 0.481824 9.87136
14100.2 0.470431 9.73344
13913.6 0.459487 9.59915
13732 0.448971 9.46834
13555 0.438858 9.34088
13382.5 0.429128 9.21663
13214.3 0.419761 9.09548
13050.3 0.410738 8.9773
12890.3 0.402043 8.86198
12734.2 0.39366 8.74942
12581.9 0.385572 8.63952
12433.1 0.377766 8.53218
12287.8 0.370228 8.42731
12145.9 0.362946 8.32483
12007.2 0.355907 8.22465
11871.7 0.349101 8.12668
11739.1 0.342516 8.03087
11609.5 0.336143 7.93713
11482.8 0.329973 7.84539
11358.7 0.323996 7.75559
11237.3 0.318203 7.66767
11118.5 0.312588 7.58156
11002.2 0.307142 7.49721
10888.3 0.301858 7.41456
10776.7 0.296729 7.33356
10667.4 0.29175 7.25416
10560.3 0.286913 7.17631
10455.3 0.282212 7.09996
10352.3 0.277644 7.02507
10251.4 0.273201 6.95159
10152.4 0.268879 6.87948
10055.4 0.264674 6.8087
9960.12 0.260581 6.73922
9866.67 0.256595 6.67099
9774.95 0.252712 6.60398
9684.92 0.248929 6.53816
9596.54 0.245242 6.4735
9509.76 0.241646 6.40995
9424.53 0.23814 6.3475
9340.81 0.234719 6.2861
9258.57 0.23138 6.22574
9177.77 0.22812 6.16638
9098.36 0.224938 6.108
9020.32 0.221829 6.05058
8943.6 0.218791 5.99408
8868.18 0.215821 5.93848
8794.01 0.212919 5.88377
8721.08 0.21008 5.82991
8649.35 0.207303 5.77688
8578.79 0.204586 5.72468
8509.37 0.201926 5.67326
8441.06 0.199322 5.62263
8373.85 0.196772 5.57275
8307.69 0.194275 5.5236
8242.57 0.191827 5.47518
8178.47 0.189429 5.42745
8115.35 0.187077 5.38042
8053.2 0.184772 5.33405
7992 0.18251 5.28834
7931.72 0.180292 5.24326
7872.34 0.178114 5.19881
7813.84 0.175977 5.15496
7756.21 0.173879 5.11171
7699.42 0.171819 5.06905
7643.46 0.169795 5.02695
7588.3 0.167807 4.9854
7533.94 0.165853 4.9444
7480.34 0.163932 4.90393
7427.51 0.162043 4.86397
7375.42 0.160186 4.82453
7324.05 0.15836 4.78558
7273.39 0.156563 4.74711
7223.43 0.154795 4.70912
7174.15 0.153054 4.67159
7125.53 0.151341 4.63452
7077.58 0.149654 4.59789
7030.26 0.147992 4.5617
6983.57 0.146356 4.52593
6937.5 0.144743 4.49058
6892.03 0.143154 4.45564
6847.16 0.141588 4.42109
6802.86 0.140044 4.38694
6759.13 0.138522 4.35317
6715.97 0.13702 4.31977
6673.35 0.13554 4.28675
6631.26 0.134079 4.25408
6589.71 0.132638 4.22176
6548.67 0.131215 4.18978
6508.14 0.129811 4.15815
6468.11 0.128425 4.12684
6428.57 0.127057 4.09586
6389.51 0.125706 4.0652
6350.92 0.124371 4.03484
6312.8 0.123053 4.00479
6275.13 0.121751 3.97504
6237.9 0.120464 3.94558
6201.12 0.119193 3.91641
6164.76 0.117937 3.88751
6128.83 0.116695 3.8589
6093.32 0.115467 3.83055
6058.22 0.114254 3.80246
6023.52 0.113054 3.77463
5989.21 0.111868 3.74706
5955.29 0.110694 3.71973
5921.75 0.109534 3.69265
5888.59 0.108387 3.6658
5855.8 0.107252 3.63919
5823.38 0.106129 3.6128
5791.3 0.105019 3.58664
5759.58 0.10392 3.5607
5728.21 0.102833 3.53497
5697.18 0.101758 3.50946
5666.48 0.100694 3.48414
5636.11 0.0996416 3.45903
5606.06 0.0986004 3.43412
5576.33 0.0975703 3.4094
5546.92 0.0965512 3.38487
5517.81 0.095543 3.36052
5489.01 0.0945457 3.33635
5460.51 0.0935591 3.31236
5432.3 0.0925833 3.28854
5404.38 0.0916182 3.2649
5376.75 0.0906638 3.24141
5349.4 0.08972 3.21809
5322.32 0.0887869 3.19493
5295.52 0.0878645 3.17192
5268.99 0.0869528 3.14907
5242.72 0.0860519 3.12636
5216.71 0.0851617 3.10379
5190.96 0.0842824 3.08137
5165.46 0.0834141 3.05908
5140.21 0.0825568 3.03693
5115.21 0.0817107 3.0149
5090.45 0.0808759 2.993
5065.92 0.0800525 2.97123
5041.64 0.0792407 2.94958
5017.58 0.0784406 2.92804
4993.75 0.0776525 2.90662
4970.15 0.0768766 2.88531
4946.77 0.0761131 2.86411
4923.61 0.0753622 2.84301
4900.66 0.0746242 2.82201
4877.93 0.0738994 2.80111
4855.41 0.0731881 2.78031
4833.09 0.0724907 2.7596
4810.98 0.0718074 2.73898
4789.07 0.0711387 2.71844
4767.36 0.070485 2.69799
4745.84 0.0698466 2.67761
4724.52 0.0692242 2.65731
4703.39 0.068618 2.63709
4682.45 0.0680287 2.61694
4661.69 0.0674567 2.59685
4641.11 0.0669027 2.57683
4620.72 0.0663673 2.55687
4600.51 0.065851 2.53697
4580.47 0.0653547 2.51712
4560.6 0.0648789 2.49733
4540.91 0.0644244 2.47759
4521.38 0.0639921 2.45789
4502.03 0.0635828 2.43823
4482.84 0.0631973 2.41862
4463.81 0.0628366 2.39904
4444.94 0.0625017 2.37949
4426.23 0.0621936 2.35997
4407.68 0.0619134 2.34048
4389.28 0.0616623 2.32102
4371.03 0.0614415 2.30157
4352.94 0.0612522 2.28214
4335 0.0610958 2.26272
4317.2 0.0609738 2.24332
4299.55 0.0608876 2.22392
4282.04 0.0608388 2.20452
4264.67 0.0608292 2.18512
4247.45 0.0608604 2.16572
4230.36 0.0609344 2.14631
4213.41 0.061053 2.12689
4196.6 0.0612185 2.10745
4179.92 0.0614329 2.08799
4163.37 0.0616986 2.06851
4146.95 0.062018 2.049
4130.66 0.0623938 2.02946
4114.5 0.0628286 2.00989
4098.46 0.0633255 1.99027
4082.55 0.0638874 1.97061
4066.76 0.0645176 1.95091
4051.09 0.0652196 1.93114
4035.55 0.065997 1.91132
4020.12 0.0668538 1.89144
4004.81 0.067794 1.87149
3989.62 0.068822 1.85147
3974.54 0.0699426 1.83137
3959.57 0.0711606 1.81119
3944.72 0.0724814 1.79092
3929.98 0.0739106 1.77056
3915.34 0.0754543 1.75009
3900.82 0.0771188 1.72953
3886.4 0.078911 1.70885
3872.09 0.0808383 1.68806
3857.89 0.0829085 1.66714
3843.79 0.08513 1.6461
3829.79 0.0875119 1.62492
3815.89 0.090064 1.60359
3802.09 0.0927966 1.58212
3788.4 0.095721 1.5605
3774.8 0.0988494 1.53871
3761.3 0.102195 1.51676
3747.89 0.105771 1.49463
3734.58 0.109594 1.47231
3721.36 0.11368 1.44981
3708.24 0.118047 1.42711
3695.21 0.122715 1.40421
3682.27 0.127704 1.3811
3669.42 0.133038 1.35777
3656.66 0.138742 1.33422
3643.99 0.144844 1.31044
3631.41 0.151373 1.28644
3618.91 0.158362 1.2622
3606.5 0.165847 1.23772
3594.17 0.173868 1.21301
3581.93 0.182465 1.18807
3569.77 0.191687 1.16291
3557.69 0.201584 1.13753
3545.7 0.21221 1.11194
3533.78 0.223624 1.08618
3521.95 0.235889 1.06026
3510.19 0.249071 1.03423
3498.51 0.263241 1.00813
3486.91 0.278469 0.982026
3475.39 0.294825 0.955987
3463.94 0.312378 0.930109
3452.57 0.331187 0.9045
3441.27 0.351301 0.879289
3430.04 0.37275 0.854625
3418.89 0.395541 0.830667
3407.81 0.419653 0.80759
3396.8 0.445029 0.785568
3385.87 0.471576 0.764771
3375 0.499168 0.745352
3364.2 0.527648 0.727436
3353.47 0.556838 0.711118
3342.81 0.586547 0.696451
3332.22 0.616586 0.683452
3321.7 0.646775 0.672105
3311.24 0.676949 0.662363
3300.84 0.706966 0.654158
3290.51 0.736705 0.647409
3280.25 0.766068 0.642025
3270.05 0.794978 0.637913
3259.91 0.823375 0.63498
3249.84 0.851217 0.633138
3239.82 0.878472 0.632303
3229.87 0.905119 0.632398
3219.98 0.931147 0.633351
3210.15 0.956548 0.635099
3200.38 0.98132 0.637583
3190.67 1.00547 0.640749
3181.02 1.02899 0.64455
3171.43 1.05189 0.648943
3161.89 1.07418 0.653889
3152.41 1.09587 0.659354
3142.99 1.11695 0.665304
3133.63 1.13745 0.67171
3124.32 1.15736 0.678547
3115.06 1.1767 0.685789
3105.86 1.19546 0.693414
3096.71 1.21366 0.7014
3087.62 1.2313 0.709728
3078.58 1.24839 0.718378
3069.6 1.26493 0.727334
3060.66 1.28092 0.736578
3051.78 1.29637 0.746093
3042.95 1.31129 0.755865
3034.17 1.32567 0.765877
3025.44 1.33952 0.776116
3016.76 1.35284 0.786566
3008.13 1.36564 0.797213
2999.55 1.37792 0.808042
2991.02 1.38967 0.819041
2982.53 1.40091 0.830194
2974.1 1.41163 0.841487
2965.71 1.42183 0.852908
2957.37 1.43153 0.864442
2949.08 1.44072 0.876074
2940.83 1.44941 0.887792
2932.63 1.45759 0.899582
2924.47 1.46527 0.911429
2916.36 1.47246 0.92332
2908.3 1.47916 0.935241
2900.28 1.48537 0.947178
2892.3 1.49111 0.959118
2884.37 1.49636 0.971047
2876.48 1.50114 0.982952
2868.63 1.50546 0.99482
2860.82 1.50931 1.00664
2853.06 1.51272 1.01839
2845.34 1.51567 1.03007
2837.67 1.51819 1.04166
2830.03 1.52028 1.05314
2822.43 1.52195 1.06452
2814.88 1.5232 1.07577
2807.36 1.52404 1.08689
2799.89 1.52449 1.09786
2792.45 1.52456 1.10867
2785.06 1.52425 1.11932
2777.7 1.52357 1.12979
2770.38 1.52254 1.14008
2763.1 1.52116 1.15017
2755.86 1.51945 1.16007
2748.66 1.51742 1.16975
2741.49 1.51508 1.17922
2734.36 1.51244 1.18847
2727.27 1.50952 1.1975
2720.22 1.50632 1.20629
2713.2 1.50285 1.21484
2706.22 1.49913 1.22315
2699.27 1.49518 1.23122
2692.36 1.49099 1.23904
2685.48 1.48659 1.2466
2678.64 1.48198 1.25392
2671.84 1.47718 1.26098
2665.07 1.4722 1.26778
2658.33 1.46705 1.27433
2651.63 1.46174 1.28062
2644.96 1.45627 1.28666
2638.32 1.45067 1.29244
2631.72 1.44494 1.29796
2625.15 1.43909 1.30323
2618.61 1.43314 1.30825
2612.11 1.42708 1.31302
2605.63 1.42093 1.31754
2599.19 1.4147 1.32181
2592.78 1.4084 1.32585
2586.41 1.40204 1.32964
2580.06 1.39562 1.33319
2573.75 1.38915 1.33652
2567.46 1.38264 1.33961
2561.21 1.37609 1.34248
2554.99 1.36952 1.34512
2548.79 1.36293 1.34755
2542.63 1.35632 1.34977
2536.5 1.3497 1.35177
2530.4 1.34308 1.35357
2524.32 1.33647 1.35518
2518.28 1.32986 1.35658
2512.26 1.32326 1.35779
2506.27 1.31668 1.35882
2500.31 1.31012 1.35966
2494.38 1.30358 1.36033
2488.48 1.29707 1.36082
2482.6 1.2906 1.36114
2476.76 1.28416 1.3613
2470.94 1.27776 1.3613
2465.14 1.2714 1.36114
2459.38 1.26508 1.36083
2453.64 1.25881 1.36037
2447.93 1.25259 1.35977
2442.24 1.24642 1.35903
2436.59 1.24031 1.35816
2430.95 1.23424 1.35716
2425.35 1.22824 1.35603
2419.77 1.22229 1.35477
2414.21 1.2164 1.3534
2408.68 1.21058 1.35192
2403.18 1.20481 1.35032
2397.7 1.19911 1.34862
2392.24 1.19347 1.34681
2386.81 1.18789 1.3449
2381.41 1.18238 1.34289
2376.03 1.17694 1.34079
2370.67 1.17156 1.3386
2365.34 1.16625 1.33632
2360.03 1.161 1.33396
2354.74 1.15582 1.33152
2349.48 1.15071 1.329
2344.24 1.14566 1.3264
2339.03 1.14069 1.32373
2333.84 1.13578 1.32099
2328.67 1.13093 1.31818
2323.53 1.12616 1.31531
2318.4 1.12145 1.31238
2313.3 1.1168 1.30938
2308.23 1.11223 1.30633
2303.17 1.10772 1.30322
2298.14 1.10327 1.30006
2293.13 1.0989 1.29685
2288.14 1.09458 1.29358
2283.17 1.09033 1.29028
2278.22 1.08615 1.28692
2273.3 1.08203 1.28352
2268.39 1.07797 1.28009
2263.51 1.07398 1.27661
2258.65 1.07005 1.27309
2253.81 1.06618 1.26954
2248.99 1.06237 1.26595
2244.19 1.05862 1.26233
2239.41 1.05494 1.25868
2234.65 1.05131 1.255
2229.91 1.04774 1.25129
2225.19 1.04423 1.24755
2220.49 1.04078 1.24379
2215.81 1.03739 1.24
2211.16 1.03405 1.23619
2206.52 1.03077 1.23235
2201.9 1.02755 1.2285
2197.29 1.02438 1.22462
2192.71 1.02126 1.22073
2188.15 1.0182 1.21682
2183.61 1.01519 1.21289
2179.08 1.01224 1.20894
2174.58 1.00933 1.20498
2170.09 1.00648 1.20101
2165.62 1.00368 1.19702
2161.17 1.00093 1.19303
2156.74 0.998229 1.18902
2152.32 0.995577 1.185
2147.93 0.992974 1.18097
2143.55 0.990419 1.17693
2139.19 0.987911 1.17288
2134.84 0.985451 1.16883
2130.52 0.983036 1.16477
2126.21 0.980668 1.1607
2121.92 0.978345 1.15663
2117.65 0.976066 1.15255
2113.39 0.973832 1.14847
2109.15 0.971641 1.14438
2104.93 0.969493 1.1403
2100.73 0.967388 1.13621
2096.54 0.965325 1.13211
2092.37 0.963303 1.12802
2088.21 0.961322 1.12392
2084.07 0.959382 1.11983
2079.95 0.957482 1.11573
2075.84 0.955622 1.11164
2071.75 0.9538 1.10755
2067.68 0.952018 1.10345
2063.62 0.950273 1.09936
2059.58 0.948566 1.09527
2055.56 0.946896 1.09119
2051.55 0.945263 1.0871
2047.55 0.943666 1.08302
2043.57 0.942105 1.07895
2039.61 0.94058 1.07488
2035.66 0.93909 1.07081
2031.73 0.937634 1.06674
2027.81 0.936212 1.06269
2023.91 0.934824 1.05863
2020.02 0.933469 1.05458
2016.15 0.932148 1.05054
2012.29 0.930859 1.04651
2008.44 0.929602 1.04248
2004.62 0.928376 1.03845
2000.8 0.927182 1.03444
1997 0.92602 1.03043
1993.22 0.924887 1.02643
1989.45 0.923785 1.02243
1985.69 0.922713 1.01845
1981.95 0.921671 1.01447
1978.22 0.920657 1.0105
1974.5 0.919673 1.00654
1970.8 0.918717 1.00258
1967.12 0.917789 0.99864
1963.44 0.916889 0.994705
1959.78 0.916017 0.990778
1956.14 0.915171 0.986861
1952.51 0.914353 0.982954
1948.89 0.913561 0.979056
1945.28 0.912795 0.975169
1941.69 0.912055 0.971291
1938.11 0.911341 0.967423
1934.55 0.910652 0.963565
1930.99 0.909988 0.959718
1927.46 0.909349 0.955882
1923.93 0.908734 0.952056
1920.42 0.908143 0.948241
1916.91 0.907577 0.944437
1913.43 0.907033 0.940644
1909.95 0.906513 0.936862
1906.49 0.906016 0.933092
1903.04 0.905542 0.929333
1899.6 0.90509 0.925585
1896.18 0.904661 0.921849
1892.76 0.904253 0.918125
1889.36 0.903867 0.914412
1885.97 0.903503 0.910712
1882.6 0.903159 0.907024
1879.23 0.902837 0.903347
1875.88 0.902535 0.899683
1872.54 0.902254 0.896031
1869.21 0.901993 0.892392
1865.89 0.901751 0.888765
1862.59 0.90153 0.88515
1859.3 0.901328 0.881548
1856.01 0.901145 0.877959
1852.74 0.900981 0.874382
1849.49 0.900836 0.870819
1846.24 0.900709 0.867268
1843 0.900601 0.86373
1839.78 0.900511 0.860205
1836.57 0.900439 0.856693
1833.36 0.900384 0.853195
1830.17 0.900347 0.849709
1826.99 0.900327 0.846237
1823.82 0.900324 0.842778
1820.67 0.900338 0.839332
1817.52 0.900369 0.8359
1814.38 0.900416 0.832481
1811.26 0.900479 0.829076
1808.14 0.900558 0.825684
1805.04 0.900652 0.822306
1801.95 0.900763 0.818941
1798.87 0.900889 0.81559
1795.79 0.90103 0.812253
1792.73 0.901185 0.808929
1789.68 0.901356 0.805619
1786.64 0.901542 0.802323
1783.61 0.901741 0.799041
1780.59 0.901955 0.795773
1777.58 0.902183 0.792518
1774.58 0.902425 0.789277
1771.59 0.902681 0.78605
1768.61 0.90295 0.782838
1765.64 0.903232 0.779639
1762.68 0.903527 0.776454
1759.73 0.903836 0.773283
1756.79 0.904157 0.770126
1753.86 0.90449 0.766983
1750.94 0.904836 0.763854
1748.03 0.905195 0.760739
1745.13 0.905565 0.757639
1742.24 0.905947 0.754552
1739.36 0.906341 0.751479
1736.49 0.906747 0.748421
1733.62 0.907164 0.745376
1730.77 0.907592 0.742346
1727.93 0.908032 0.73933
1725.09 0.908482 0.736328
1722.27 0.908943 0.73334
1719.45 0.909414 0.730366
1716.64 0.909896 0.727406
1713.84 0.910388 0.72446
1711.06 0.91089 0.721529
1708.28 0.911403 0.718611
1705.51 0.911925 0.715708
1702.74 0.912456 0.712818
1699.99 0.912997 0.709943
1697.25 0.913548 0.707082
1694.51 0.914107 0.704235
1691.79 0.914676 0.701402
1689.07 0.915254 0.698582
1686.36 0.91584 0.695777
1683.66 0.916435 0.692986
1680.97 0.917038 0.690209
1678.29 0.91765 0.687446
1675.61 0.918269 0.684697
1672.95 0.918897 0.681961
1670.29 0.919533 0.67924
1667.64 0.920176 0.676533
1665 0.920828 0.673839
1662.37 0.921486 0.671159
1659.74 0.922152 0.668493
1657.13 0.922825 0.665841
1654.52 0.923505 0.663202
1651.92 0.924192 0.660577
1649.33 0.924886 0.657966
1646.75 0.925587 0.655369
1644.17 0.926294 0.652785
1641.61 0.927008 0.650215
1639.05 0.927727 0.647659
1636.5 0.928454 0.645116
1633.95 0.929186 0.642586
1631.42 0.929924 0.64007
1628.89 0.930668 0.637567
1626.37 0.931417 0.635078
1623.86 0.932172 0.632603
1621.36 0.932933 0.63014
1618.86 0.933699 0.627691
1616.37 0.93447 0.625255
1613.89 0.935246 0.622832
1611.42 0.936027 0.620423
1608.95 0.936813 0.618026
1606.5 0.937604 0.615643
1604.05 0.9384 0.613273
1601.6 0.9392 0.610916
1599.17 0.940004 0.608571
1596.74 0.940813 0.60624
1594.32 0.941626 0.603921
1591.91 0.942443 0.601616
1589.5 0.943265 0.599323
1587.1 0.94409 0.597043
1584.71 0.944919 0.594775
1582.32 0.945751 0.592521
1579.95 0.946588 0.590278
1577.58 0.947428 0.588049
1575.21 0.948271 0.585831
1572.86 0.949117 0.583627
1570.51 0.949967 0.581434
1568.17 0.95082 0.579254
1565.83 0.951676 0.577087
1563.5 0.952535 0.574931
1561.18 0.953397 0.572788
1558.87 0.954262 0.570657
1556.56 0.955129 0.568538
1554.26 0.955999 0.566431
1551.97 0.956872 0.564335
1549.68 0.957747 0.562252
1547.4 0.958624 0.560181
1545.12 0.959504 0.558122
1542.86 0.960385 0.556074
1540.6 0.961269 0.554038
1538.34 0.962155 0.552013
1536.1 0.963043 0.550001
1533.86 0.963933 0.547999
1531.62 0.964825 0.54601
1529.39 0.965718 0.544031
1527.17 0.966613 0.542064
1524.96 0.96751 0.540109
1522.75 0.968408 0.538164
1520.55 0.969307 0.536231
1518.35 0.970208 0.534309
1516.16 0.97111 0.532398
1513.98 0.972014 0.530498
1511.8 0.972918 0.528609
1509.63 0.973824 0.526731
1507.47 0.974731 0.524863
1505.31 0.975639 0.523007
1503.16 0.976547 0.521161
1501.01 0.977457 0.519326
1498.87 0.978367 0.517502
1496.74 0.979278 0.515688
1494.61 0.98019 0.513884
1492.49 0.981102 0.512091
1490.38 0.982015 0.510309
1488.27 0.982928 0.508537
1486.16 0.983842 0.506775
1484.07 0.984756 0.505023
1481.98 0.985671 0.503281
1479.89 0.986585 0.50155
1477.81 0.9875 0.499828
1475.74 0.988416 0.498116
1473.67 0.989331 0.496415
1471.61 0.990246 0.494723
1469.55 0.991162 0.493041
1467.5 0.992077 0.491369
1465.45 0.992992 0.489706
1463.41 0.993908 0.488053
1461.38 0.994823 0.48641
1459.35 0.995738 0.484776
1457.33 0.996652 0.483152
1455.31 0.997567 0.481537
1453.3 0.998481 0.479931
1451.3 0.999394 0.478334
1449.3 1.00031 0.476747
1447.3 1.00122 0.475169
1445.31 1.00213 0.4736
1443.33 1.00304 0.47204
1441.35 1.00396 0.47049
1439.38 1.00487 0.468948
1437.41 1.00578 0.467415
1435.45 1.00668 0.46589
1433.49 1.00759 0.464375
1431.54 1.0085 0.462868
1429.59 1.00941 0.46137
1427.65 1.01031 0.459881
1425.72 1.01122 0.4584
1423.79 1.01212 0.456927
1421.86 1.01303 0.455463
1419.94 1.01393 0.454007
1418.03 1.01483 0.45256
1416.12 1.01573 0.451121
1414.21 1.01663 0.44969
1412.31 1.01753 0.448268
1410.42 1.01843 0.446853
1408.53 1.01932 0.445447
1406.65 1.02022 0.444048
1404.77 1.02111 0.442658
1402.89 1.022 0.441275
1401.02 1.0229 0.4399
1399.16 1.02379 0.438533
1397.3 1.02468 0.437174
1395.45 1.02556 0.435823
1393.6 1.02645 0.434479
1391.75 1.02733 0.433143
1389.91 1.02822 0.431814
1388.08 1.0291 0.430493
1386.25 1.02998 0.429179
1384.42 1.03086 0.427872
1382.6 1.03174 0.426573
1380.79 1.03262 0.425282
1378.98 1.03349 0.423997
1377.17 1.03436 0.42272
1375.37 1.03524 0.42145
1373.57 1.03611 0.420187
1371.78 1.03698 0.41893
1369.99 1.03784 0.417681
1368.21 1.03871 0.416439
1366.43 1.03957 0.415204
1364.66 1.04044 0.413976
1362.89 1.0413 0.412754
1361.13 1.04216 0.41154
1359.37 1.04301 0.410332
1357.61 1.04387 0.40913
1355.86 1.04472 0.407936
1354.12 1.04558 0.406748
1352.38 1.04643 0.405566
1350.64 1.04728 0.404391
1348.91 1.04812 0.403222
1347.18 1.04897 0.40206
1345.45 1.04981 0.400904
1343.74 1.05065 0.399755
1342.02 1.0515 0.398611
1340.31 1.05233 0.397474
1338.6 1.05317 0.396343
1336.9 1.05401 0.395219
1335.2 1.05484 0.3941
1333.51 1.05567 0.392988
1331.82 1.0565 0.391881
1330.14 1.05733 0.39078
1328.46 1.05815 0.389686
1326.78 1.05898 0.388597
1325.11 1.0598 0.387514
1323.44 1.06062 0.386437
1321.78 1.06144 0.385366
1320.12 1.06225 0.384301
1318.46 1.06307 0.383241
1316.81 1.06388 0.382187
1315.17 1.06469 0.381138
1313.52 1.0655 0.380095
1311.88 1.06631 0.379058
1310.25 1.06711 0.378026
1308.62 1.06791 0.376999
1306.99 1.06871 0.375978
1305.37 1.06951 0.374963
1303.75 1.07031 0.373952
1302.14 1.0711 0.372947
1300.53 1.0719 0.371948
1298.92 1.07269 0.370953
1297.32 1.07348 0.369964
1295.72 1.07426 0.36898
1294.13 1.07505 0.368001
1292.53 1.07583 0.367027
1290.95 1.07661 0.366058
1289.36 1.07739 0.365095
1287.79 1.07817 0.364136
1286.21 1.07895 0.363182
1284.64 1.07972 0.362233
1283.07 1.08049 0.361289
1281.51 1.08126 0.36035
1279.95 1.08203 0.359416
1278.39 1.08279 0.358486
1276.84 1.08355 0.357562
1275.29 1.08432 0.356642
1273.75 1.08508 0.355727
1272.21 1.08583 0.354816
1270.67 1.08659 0.35391
1269.14 1.08734 0.353009
1267.61 1.08809 0.352112
1266.08 1.08884 0.351219
1264.56 1.08959 0.350332
1263.04 1.09033 0.349448
1261.52 1.09108 0.34857
1260.01 1.09182 0.347695
1258.5 1.09256 0.346825
1257 1.09329 0.345959
1255.5 1.09403 0.345098
1254 1.09476 0.344241
1252.51 1.09549 0.343388
1251.02 1.09622 0.34254
1249.53 1.09695 0.341695
1248.05 1.09767 0.340855
1246.57 1.0984 0.340019
1245.09 1.09912 0.339187
1243.62 1.09984 0.338359
1242.15 1.10056 0.337536
1240.69 1.10127 0.336716
1239.22 1.10198 0.3359
1237.76 1.10269 0.335089
1236.31 1.1034 0.334281
1234.86 1.10411 0.333477
1233.41 1.10482 0.332677
1231.96 1.10552 0.331881
1230.52 1.10622 0.331089
1229.08 1.10692 0.330301
1227.65 1.10762 0.329517
1226.22 1.10831 0.328736
1224.79 1.10901 0.327959
1223.37 1.1097 0.327186
1221.94 1.11039 0.326416
1220.53 1.11107 0.32565
1219.11 1.11176 0.324888
1217.7 1.11244 0.32413
1216.29 1.11312 0.323375
1214.89 1.1138 0.322624
1213.48 1.11448 0.321876
1212.08 1.11516 0.321132
1210.69 1.11583 0.320391
1209.3 1.1165 0.319654
1207.91 1.11717 0.31892
1206.52 1.11784 0.31819
1205.14 1.11851 0.317463
1203.76 1.11917 0.316739
1202.38 1.11983 0.316019
1201.01 1.12049 0.315302
1199.64 1.12115 0.314589
1198.27 1.12181 0.313879
1196.91 1.12246 0.313172
1195.55 1.12312 0.312468
1194.19 1.12377 0.311768
1192.84 1.12442 0.311071
1191.48 1.12506 0.310377
1190.14 1.12571 0.309686
1188.79 1.12635 0.308999
1187.45 1.12699 0.308315
1186.11 1.12763 0.307633
1184.77 1.12827 0.306955
1183.44 1.12891 0.30628
1182.11 1.12954 0.305608
1180.78 1.13017 0.304939
1179.46 1.1308 0.304273
1178.14 1.13143 0.30361
1176.82 1.13206 0.30295
1175.5 1.13268 0.302293
1174.19 1.1333 0.301639
1172.88 1.13392 0.300988
1171.57 1.13454 0.30034
1170.27 1.13516 0.299695
1168.97 1.13578 0.299052
1167.67 1.13639 0.298413
1166.37 1.137 0.297776
1165.08 1.13761 0.297142
1163.79 1.13822 0.296511
1162.51 1.13883 0.295883
1161.22 1.13943 0.295257
1159.94 1.14004 0.294634
1158.66 1.14064 0.294014
1157.39 1.14124 0.293397
1156.12 1.14183 0.292782
1154.85 1.14243 0.29217
1153.58 1.14302 0.291561
1152.32 1.14362 0.290955
1151.05 1.14421 0.29035
1149.8 1.14479 0.289749
1148.54 1.14538 0.28915
1147.29 1.14597 0.288554
1146.04 1.14655 0.28796
1144.79 1.14713 0.287369
1143.54 1.14771 0.286781
1142.3 1.14829 0.286195
1141.06 1.14887 0.285611
1139.83 1.14944 0.28503
1138.59 1.15002 0.284451
1137.36 1.15059 0.283875
1136.13 1.15116 0.283302
1134.9 1.15173 0.28273
1133.68 1.15229 0.282162
1132.46 1.15286 0.281595
1131.24 1.15342 0.281031
1130.03 1.15398 0.280469
1128.81 1.15454 0.27991
1127.6 1.1551 0.279353
1126.4 1.15566 0.278798
1125.19 1.15621 0.278246
1123.99 1.15677 0.277696
1122.79 1.15732 0.277148
1121.59 1.15787 0.276603
1120.39 1.15842 0.276059
1119.2 1.15896 0.275518
1118.01 1.15951 0.27498
1116.83 1.16005 0.274443
1115.64 1.16059 0.273909
1114.46 1.16113 0.273377
1113.28 1.16167 0.272847
1112.1 1.16221 0.272319
1110.93 1.16274 0.271793
1109.75 1.16328 0.27127
1108.58 1.16381 0.270748
1107.42 1.16434 0.270229
1106.25 1.16487 0.269712
1105.09 1.1654 0.269197
1103.93 1.16592 0.268684
1102.77 1.16645 0.268173
1101.62 1.16697 0.267664
1100.46 1.16749 0.267157
1099.31 1.16801 0.266652
1098.16 1.16853 0.266149
1097.02 1.16905 0.265648
1095.88 1.16956 0.265149
1094.73 1.17008 0.264653
1093.6 1.17059 0.264158
1092.46 1.1711 0.263665
1091.33 1.17161 0.263174
1090.19 1.17212 0.262685
1089.07 1.17262 0.262198
1087.94 1.17313 0.261713
1086.81 1.17363 0.261229
1085.69 1.17413 0.260748
1084.57 1.17463 0.260268
1083.46 1.17513 0.259791
1082.34 1.17563 0.259315
1081.23 1.17613 0.258841
1080.12 1.17662 0.258369
1079.01 1.17711 0.257899
1077.9 1.1776 0.25743
1076.8 1.17809 0.256963
1075.7 1.17858 0.256499
1074.6 1.17907 0.256035
1073.5 1.17956 0.255574
1072.41 1.18004 0.255115
1071.31 1.18052 0.254657
1070.22 1.18101 0.254201
1069.14 1.18149 0.253747
1068.05 1.18196 0.253294
1066.97 1.18244 0.252843
1065.88 1.18292 0.252394
1064.8 1.18339 0.251947
1063.73 1.18386 0.251501
1062.65 1.18434 0.251057
1061.58 1.18481 0.250614
1060.51 1.18528 0.250174
1059.44 1.18574 0.249734
1058.37 1.18621 0.249297
1057.31 1.18667 0.248861
1056.25 1.18714 0.248427
1055.19 1.1876 0.247994
1054.13 1.18806 0.247563
1053.08 1.18852 0.247134
1052.02 1.18898 0.246706
1050.97 1.18944 0.24628
1049.92 1.18989 0.245855
1048.87 1.19035 0.245432
1047.83 1.1908 0.245011
1046.79 1.19125 0.244591
1045.74 1.1917 0.244172
1044.71 1.19215 0.243756
1043.67 1.1926 0.24334
1042.63 1.19304 0.242926
1041.6 1.19349 0.242514
1040.57 1.19393 0.242103
1039.54 1.19437 0.241694
1038.52 1.19482 0.241286
1037.49 1.19526 0.240879
1036.47 1.19569 0.240474
1035.45 1.19613 0.240071
1034.43 1.19657 0.239669
1033.41 1.197 0.239268
1032.4 1.19744 0.238869
1031.39 1.19787 0.238471
1030.37 1.1983 0.238075
1029.37 1.19873 0.23768
1028.36 1.19916 0.237286
1027.35 1.19959 0.236894
1026.35 1.20001 0.236503
1025.35 1.20044 0.236114
1024.35 1.20086 0.235726
1023.36 1.20128 0.235339
1022.36 1.2017 0.234954
1021.37 1.20212 0.23457
1020.38 1.20254 0.234187
1019.39 1.20296 0.233806
1018.4 1.20338 0.233426
1017.42 1.20379 0.233048
1016.43 1.20421 0.23267
1015.45 1.20462 0.232294
1014.47 1.20503 0.23192
1013.49 1.20544 0.231546
1012.52 1.20585 0.231174
1011.54 1.20626 0.230804
1010.57 1.20667 0.230434
1009.6 1.20707 0.230066
1008.63 1.20748 0.229699
1007.67 1.20788 0.229333
1006.7 1.20828 0.228969
1005.74 1.20869 0.228605
1004.78 1.20909 0.228243
1003.82 1.20948 0.227883
1002.86 1.20988 0.227523
1001.91 1.21028 0.227165
1000.95 1.21068 0.226808
1000 1.21107 0.226452
