   9.9930819e+03   2.1502800e-01   6.7685200e+00
   9.7405421e+03   2.0594600e-01   6.5871600e+00
   9.5004518e+03   1.9634800e-01   6.4068500e+00
   9.2719412e+03   1.8548800e-01   6.2558400e+00
   9.0541377e+03   1.7419700e-01   6.1011100e+00
   8.8463319e+03   1.6273800e-01   5.9433700e+00
   8.6478511e+03   1.5713700e-01   5.8021600e+00
   8.4581050e+03   1.5135000e-01   5.6574300e+00
   8.2764840e+03   1.4536000e-01   5.5088900e+00
   8.1024989e+03   1.4433900e-01   5.3792900e+00
   7.9356780e+03   1.4368600e-01   5.2479700e+00
   7.7755879e+03   1.4309400e-01   5.1132700e+00
   7.6218486e+03   1.4396100e-01   5.0165200e+00
   7.4740523e+03   1.4520000e-01   4.9265200e+00
   7.3318788e+03   1.4653500e-01   4.8348600e+00
   7.1950132e+03   1.4797700e-01   4.7414200e+00
   7.0631805e+03   1.4473100e-01   4.6178300e+00
   6.9360759e+03   1.4133800e-01   4.4904100e+00
   6.8134650e+03   1.3995200e-01   4.3843300e+00
   6.6951136e+03   1.3992000e-01   4.2918300e+00
   6.5808036e+03   1.3995500e-01   4.1972900e+00
   6.4703455e+03   1.3857200e-01   4.1071800e+00
   6.3635207e+03   1.3571800e-01   4.0215700e+00
   6.2601659e+03   1.3280300e-01   3.9341000e+00
   6.1601148e+03   1.2977600e-01   3.8529000e+00
   6.0632237e+03   1.2660900e-01   3.7829800e+00
   5.9693215e+03   1.2336600e-01   3.7117400e+00
   5.8782835e+03   1.2089600e-01   3.6411900e+00
   5.7899806e+03   1.2055000e-01   3.5745300e+00
   5.7042914e+03   1.2023400e-01   3.5066100e+00
   5.6211121e+03   1.2048500e-01   3.4386600e+00
   5.5403135e+03   1.2324400e-01   3.3753800e+00
   5.4618048e+03   1.2615400e-01   3.3109000e+00
   5.3854900e+03   1.2901800e-01   3.2458900e+00
   5.3112879e+03   1.2928500e-01   3.1891200e+00
   5.2390935e+03   1.2960500e-01   3.1313200e+00
   5.1688355e+03   1.2998300e-01   3.0724300e+00
   5.1004369e+03   1.2994500e-01   3.0127700e+00
   5.0338248e+03   1.2993700e-01   2.9519100e+00
   4.9689385e+03   1.2998700e-01   2.8897800e+00
   4.9056957e+03   1.3048200e-01   2.8372500e+00
   4.8440424e+03   1.3111200e-01   2.7858000e+00
   4.7839197e+03   1.3181200e-01   2.7333700e+00
   4.7252785e+03   1.3470700e-01   2.6824500e+00
   4.6680503e+03   1.3849100e-01   2.6314100e+00
   4.6121917e+03   1.4247900e-01   2.5793800e+00
   4.5576541e+03   1.4631600e-01   2.5301500e+00
   4.5043912e+03   1.5013400e-01   2.4822500e+00
   4.4523654e+03   1.5416000e-01   2.4334200e+00
   4.4015213e+03   1.5722600e-01   2.3743400e+00
   4.3518253e+03   1.5807200e-01   2.2939900e+00
   4.3032390e+03   1.5918800e-01   2.2107500e+00
   4.2557316e+03   1.6167400e-01   2.1534700e+00
   4.2092558e+03   1.6582500e-01   2.1374000e+00
   4.1637841e+03   1.7004600e-01   2.1212200e+00
   4.1192844e+03   1.7295500e-01   2.0945300e+00
   4.0757258e+03   1.7287200e-01   2.0439000e+00
   4.0330842e+03   1.7289500e-01   1.9920000e+00
   3.9913203e+03   1.7416800e-01   1.9408600e+00
   3.9504125e+03   1.7994900e-01   1.8966900e+00
   3.9103347e+03   1.8610700e-01   1.8515100e+00
   3.8710670e+03   1.9222200e-01   1.8056300e+00
   3.8325751e+03   1.9453800e-01   1.7618900e+00
   3.7948412e+03   1.9709600e-01   1.7170700e+00
   3.7578431e+03   1.9993100e-01   1.6710700e+00
   3.7215595e+03   1.9566200e-01   1.6512900e+00
   3.6859744e+03   1.9114500e-01   1.6319200e+00
   3.6510588e+03   1.8654600e-01   1.6123200e+00
   3.6167986e+03   1.9175800e-01   1.5638600e+00
   3.5831754e+03   1.9891600e-01   1.5099900e+00
   3.5501757e+03   2.0686700e-01   1.4542700e+00
   3.5177742e+03   2.1488300e-01   1.3940000e+00
   3.4859588e+03   2.2374600e-01   1.3303500e+00
   3.4547137e+03   2.3403100e-01   1.2638300e+00
   3.4240238e+03   2.4607500e-01   1.1906700e+00
   3.3938782e+03   2.6099100e-01   1.1114000e+00
   3.3642549e+03   2.8250900e-01   1.0263100e+00
   3.3351444e+03   3.0902900e-01   9.3740100e-01
   3.3065332e+03   3.6934000e-01   8.1567700e-01
   3.2784124e+03   4.6483800e-01   7.1360400e-01
   3.2507624e+03   5.6762900e-01   6.3618100e-01
   3.2235748e+03   6.8855800e-01   5.7332500e-01
   3.1968382e+03   8.0720500e-01   5.2844800e-01
   3.1705415e+03   9.7252600e-01   5.0711500e-01
   3.1446772e+03   1.1127200e+00   5.3079000e-01
   3.1192282e+03   1.2293600e+00   5.7811200e-01
   3.0941879e+03   1.3394700e+00   6.6556200e-01
   3.0695463e+03   1.4084200e+00   7.4096200e-01
   3.0452972e+03   1.4589100e+00   8.1616900e-01
   3.0214252e+03   1.4977100e+00   8.8998500e-01
   2.9979246e+03   1.5144000e+00   9.6202400e-01
   2.9747808e+03   1.5204800e+00   1.0243000e+00
   2.9519916e+03   1.5190000e+00   1.0799900e+00
   2.9295775e+03   1.5128800e+00   1.1154200e+00
   2.9074731e+03   1.5074100e+00   1.1506500e+00
   2.8856997e+03   1.5025600e+00   1.1856400e+00
   2.8642500e+03   1.4943300e+00   1.2098500e+00
   2.8431438e+03   1.4858500e+00   1.2325500e+00
   2.8223198e+03   1.4776700e+00   1.2552500e+00
   2.8017987e+03   1.4669900e+00   1.2725600e+00
