   2.9979246e+04   3.5675700e-01   1.7290100e+01
   2.7276177e+04   3.3801900e-01   1.6754500e+01
   2.5020235e+04   3.1839100e-01   1.6201300e+01
   2.3108954e+04   2.9774800e-01   1.5628400e+01
   2.1468953e+04   2.7593200e-01   1.5033800e+01
   2.0046303e+04   2.5274900e-01   1.4414600e+01
   1.8800598e+04   2.2794500e-01   1.3767600e+01
   1.7700551e+04   2.0118400e-01   1.3088800e+01
   1.6722118e+04   1.7201000e-01   1.2372700e+01
   1.5846189e+04   1.4803800e-01   1.1679600e+01
   1.5057457e+04   1.4142600e-01   1.1103700e+01
   1.4343519e+04   1.3449500e-01   1.0496300e+01
   1.3694218e+04   1.2566300e-01   9.9569500e+00
   1.3101157e+04   1.1368300e-01   9.5681500e+00
   1.2557331e+04   1.0087000e-01   9.1628700e+00
   1.2056854e+04   8.6822300e-02   8.7591700e+00
   1.1594741e+04   7.0756500e-02   8.4176800e+00
   1.1166786e+04   5.3427400e-02   8.0617600e+00
   1.0769258e+04   3.9981400e-02   7.7221300e+00
   1.0399061e+04   3.9942900e-02   7.4548900e+00
   1.0053470e+04   3.9956800e-02   7.1777100e+00
   9.7301095e+03   3.9981000e-02   6.9199900e+00
   9.4269022e+03   3.9949800e-02   6.7107300e+00
   9.1420207e+03   3.9957900e-02   6.4947200e+00
   8.8738525e+03   3.9990000e-02   6.2776700e+00
   8.6209686e+03   3.9955500e-02   6.0830500e+00
   8.3820985e+03   3.9962400e-02   5.8819900e+00
   8.1561087e+03   3.9257200e-02   5.6899700e+00
   7.9420060e+03   3.6228400e-02   5.5406100e+00
   7.7388363e+03   3.3057100e-02   5.3871100e+00
   7.5458022e+03   3.0251900e-02   5.2313100e+00
   7.3621637e+03   3.3481500e-02   5.0966200e+00
   7.1872510e+03   3.6913600e-02   4.9582800e+00
   7.0204567e+03   4.0480400e-02   4.8201100e+00
   6.8612285e+03   4.3727900e-02   4.7014000e+00
   6.7090628e+03   4.7175300e-02   4.5796100e+00
   6.5635000e+03   5.0652200e-02   4.4603000e+00
   6.4241195e+03   5.3646600e-02   4.3581000e+00
   6.2905356e+03   5.6817400e-02   4.2534500e+00
   6.1624067e+03   5.9826500e-02   4.1467900e+00
   6.0393810e+03   5.6533700e-02   4.0486400e+00
   5.9211713e+03   5.3110000e-02   3.9480500e+00
   5.8075003e+03   5.0366000e-02   3.8475500e+00
   5.6981114e+03   5.3353300e-02   3.7636600e+00
   5.5927672e+03   5.6506200e-02   3.6778700e+00
   5.4912474e+03   5.9843700e-02   3.5900400e+00
   5.3933475e+03   5.6868800e-02   3.5027200e+00
   5.2988772e+03   5.3459000e-02   3.4133100e+00
   5.2076595e+03   4.9998900e-02   3.3219400e+00
   5.1195291e+03   4.9971100e-02   3.2448400e+00
   5.0343405e+03   4.9971600e-02   3.1658600e+00
   4.9519323e+03   4.9996000e-02   3.0862300e+00
   4.8721786e+03   4.9968800e-02   3.0172300e+00
   4.7949531e+03   4.9967700e-02   2.9466300e+00
   4.7201376e+03   4.9996600e-02   2.8742900e+00
   4.6476208e+03   4.6965400e-02   2.8035400e+00
   4.5772986e+03   4.3560100e-02   2.7312400e+00
   4.5090726e+03   4.0000000e-02   2.6569800e+00
   4.4428507e+03   3.9975700e-02   2.5970800e+00
   4.3785457e+03   3.9972400e-02   2.5357600e+00
   4.3160757e+03   3.9993600e-02   2.4729200e+00
   4.2553631e+03   4.2647200e-02   2.4105300e+00
   4.1963407e+03   4.6025400e-02   2.3469300e+00
   4.1389276e+03   4.9630000e-02   2.2815700e+00
   4.0830642e+03   4.9954300e-02   2.2139200e+00
   4.0286888e+03   4.9948000e-02   2.1441100e+00
   3.9757426e+03   4.9997800e-02   2.0719500e+00
   3.9241700e+03   4.9944100e-02   2.0090100e+00
   3.8739182e+03   4.9934000e-02   1.9443800e+00
   3.8249372e+03   4.9982400e-02   1.8775200e+00
   3.7771793e+03   5.4952500e-02   1.8096100e+00
   3.7305994e+03   6.1644200e-02   1.7394600e+00
   3.6851543e+03   6.9018200e-02   1.6664000e+00
   3.6408074e+03   7.7207800e-02   1.5948300e+00
   3.5975109e+03   8.6343500e-02   1.5207000e+00
   3.5552321e+03   9.6660400e-02   1.4429100e+00
   3.5139355e+03   1.0771700e-01   1.3574100e+00
   3.4735872e+03   1.2045400e-01   1.2648600e+00
   3.4341550e+03   1.3599900e-01   1.1654500e+00
   3.3956080e+03   1.4505500e-01   1.0676100e+00
   3.3579168e+03   1.5399200e-01   9.6361400e-01
   3.3210531e+03   1.6737200e-01   8.4790800e-01
   3.2849900e+03   2.8677100e-01   6.5601200e-01
   3.2497017e+03   5.0290100e-01   4.8479600e-01
   3.2151670e+03   7.4003400e-01   4.0468900e-01
   3.1813552e+03   8.9381600e-01   4.5304700e-01
   3.1482471e+03   1.0054400e+00   5.3135500e-01
   3.1158210e+03   1.1060800e+00   5.9991800e-01
   3.0840561e+03   1.1801300e+00   7.0895300e-01
   3.0529323e+03   1.2470600e+00   8.2151300e-01
   3.0224304e+03   1.3127400e+00   9.2348600e-01
   2.9925380e+03   1.3490400e+00   1.0045800e+00
   2.9632252e+03   1.3657600e+00   1.0728200e+00
   2.9344811e+03   1.3835500e+00   1.1385300e+00
   2.9062893e+03   1.3941900e+00   1.1843000e+00
   2.8786340e+03   1.4009400e+00   1.2196800e+00
   2.8515001e+03   1.4079900e+00   1.2544300e+00
   2.8248729e+03   1.4098500e+00   1.2793900e+00
   2.7987384e+03   1.4097900e+00   1.3005700e+00
   2.7730830e+03   1.4099000e+00   1.3215900e+00
   2.7478937e+03   1.4042700e+00   1.3386600e+00
   2.7231579e+03   1.3939700e+00   1.3526300e+00
   2.6988635e+03   1.3838000e+00   1.3666800e+00
   2.6749987e+03   1.3741000e+00   1.3749000e+00
   2.6515523e+03   1.3646400e+00   1.3796000e+00
   2.6285133e+03   1.3551900e+00   1.3843600e+00
   2.6058713e+03   1.3469200e+00   1.3879100e+00
   2.5836159e+03   1.3400900e+00   1.3899500e+00
   2.5617375e+03   1.3332600e+00   1.3920100e+00
   2.5402266e+03   1.3264400e+00   1.3922800e+00
   2.5190738e+03   1.3196200e+00   1.3909100e+00
   2.4982705e+03   1.3127700e+00   1.3895500e+00
   2.4778079e+03   1.3081300e+00   1.3869400e+00
   2.4576778e+03   1.3049800e+00   1.3834800e+00
   2.4378722e+03   1.3018200e+00   1.3800000e+00
   2.4183832e+03   1.2971200e+00   1.3764100e+00
   2.3992034e+03   1.2903000e+00   1.3726500e+00
   2.3803254e+03   1.2834600e+00   1.3688900e+00
   2.3617421e+03   1.2800000e+00   1.3654400e+00
   2.3434468e+03   1.2800000e+00   1.3622900e+00
   2.3254327e+03   1.2800000e+00   1.3591300e+00
   2.3076935e+03   1.2777900e+00   1.3555600e+00
   2.2902228e+03   1.2709800e+00   1.3511300e+00
   2.2730147e+03   1.2641400e+00   1.3466800e+00
   2.2560633e+03   1.2586500e+00   1.3437300e+00
   2.2393628e+03   1.2552300e+00   1.3430400e+00
   2.2229078e+03   1.2518100e+00   1.3423600e+00
   2.2066928e+03   1.2455800e+00   1.3411000e+00
   2.1907127e+03   1.2361500e+00   1.3391900e+00
   2.1749623e+03   1.2266800e+00   1.3373100e+00
   2.1594368e+03   1.2179700e+00   1.3348800e+00
   2.1441314e+03   1.2111700e+00   1.3311300e+00
   2.1290415e+03   1.2043200e+00   1.3273700e+00
   2.1141624e+03   1.1976800e+00   1.3234900e+00
   2.0994899e+03   1.1913900e+00   1.3193900e+00
   2.0850196e+03   1.1850800e+00   1.3152900e+00
   2.0707474e+03   1.1779800e+00   1.3109100e+00
   2.0566693e+03   1.1677900e+00   1.3054600e+00
   2.0427813e+03   1.1575300e+00   1.2999900e+00
   2.0290796e+03   1.1490700e+00   1.2942500e+00
   2.0155605e+03   1.1456600e+00   1.2877800e+00
   2.0022204e+03   1.1422500e+00   1.2812800e+00
   1.9890557e+03   1.1378500e+00   1.2746300e+00
   1.9760629e+03   1.1315700e+00   1.2677200e+00
   1.9632388e+03   1.1252500e+00   1.2607800e+00
   1.9505801e+03   1.1188300e+00   1.2536600e+00
   1.9380836e+03   1.1120300e+00   1.2458400e+00
   1.9257462e+03   1.1051900e+00   1.2379700e+00
   1.9135648e+03   1.0977100e+00   1.2304600e+00
   1.9015366e+03   1.0883100e+00   1.2241800e+00
   1.8896587e+03   1.0788400e+00   1.2178700e+00
   1.8779282e+03   1.0693000e+00   1.2115300e+00
   1.8663425e+03   1.0596700e+00   1.2051700e+00
   1.8548988e+03   1.0499700e+00   1.1987800e+00
   1.8435947e+03   1.0401900e+00   1.1923700e+00
   1.8324274e+03   1.0303200e+00   1.1859300e+00
   1.8213947e+03   1.0203700e+00   1.1794600e+00
   1.8104940e+03   1.0103300e+00   1.1729700e+00
   1.7997230e+03   1.0002000e+00   1.1664500e+00
   1.7890794e+03   9.8997700e-01   1.1599100e+00
   1.7785610e+03   9.7966300e-01   1.1533400e+00
   1.7681655e+03   9.6925200e-01   1.1467400e+00
   1.7578908e+03   9.5874300e-01   1.1401200e+00
   1.7477349e+03   9.4813300e-01   1.1334700e+00
   1.7376956e+03   9.3742000e-01   1.1267900e+00
   1.7277710e+03   9.2659900e-01   1.1200900e+00
   1.7179591e+03   9.1566900e-01   1.1133700e+00
   1.7082678e+03   9.0462700e-01   1.1066100e+00
   1.6986756e+03   8.9346900e-01   1.0998400e+00
   1.6891905e+03   8.8219200e-01   1.0930400e+00
   1.6798107e+03   8.7079300e-01   1.0862200e+00
   1.6705345e+03   8.5926800e-01   1.0793700e+00
   1.6613603e+03   8.4761300e-01   1.0725000e+00
   1.6522862e+03   8.3582500e-01   1.0656100e+00
   1.6433107e+03   8.2389900e-01   1.0587000e+00
   1.6344322e+03   8.1183200e-01   1.0517800e+00
   1.6256491e+03   7.9961900e-01   1.0448300e+00
   1.6169599e+03   7.8725500e-01   1.0378600e+00
   1.6083632e+03   7.7473600e-01   1.0308800e+00
   1.5998573e+03   7.6205700e-01   1.0238900e+00
   1.5914409e+03   7.4921200e-01   1.0168800e+00
   1.5831126e+03   7.3619600e-01   1.0098700e+00
   1.5748711e+03   7.2300300e-01   1.0028400e+00
   1.5667149e+03   7.0962700e-01   9.9581400e-01
   1.5586427e+03   6.9606300e-01   9.8878300e-01
   1.5506533e+03   6.8230400e-01   9.8175400e-01
   1.5427454e+03   6.6834300e-01   9.7473000e-01
   1.5349177e+03   6.5417300e-01   9.6771500e-01
   1.5271691e+03   6.3978600e-01   9.6071400e-01
   1.5194983e+03   6.2517600e-01   9.5373200e-01
   1.5119042e+03   6.1033500e-01   9.4677400e-01
   1.5043856e+03   5.9525400e-01   9.3984800e-01
   1.4969414e+03   5.7992500e-01   9.3296000e-01
   1.4895705e+03   5.6434000e-01   9.2611900e-01
   1.4822719e+03   5.4849100e-01   9.1933200e-01
   1.4750444e+03   5.3236700e-01   9.1261100e-01
   1.4678871e+03   5.1596100e-01   9.0596600e-01
   1.4607989e+03   4.9926300e-01   8.9940900e-01
   1.4537788e+03   4.8226600e-01   8.9295400e-01
   1.4468259e+03   4.6495900e-01   8.8661600e-01
   1.4399392e+03   4.4733500e-01   8.8041100e-01
   1.4331177e+03   4.2938700e-01   8.7435800e-01
   1.4263605e+03   4.1110700e-01   8.6847700e-01
   1.4196668e+03   3.9248900e-01   8.6278900e-01
   1.4130356e+03   3.7353000e-01   8.5732000e-01
   1.4064661e+03   3.5422600e-01   8.5209300e-01
   1.3999573e+03   3.3457700e-01   8.4713800e-01
   1.3935085e+03   3.1458400e-01   8.4248300e-01
   1.3871189e+03   2.9425200e-01   8.3816100e-01
   1.3807876e+03   2.7359000e-01   8.3420300e-01
   1.3745138e+03   2.5260900e-01   8.3064400e-01
   1.3682968e+03   2.3132700e-01   8.2751700e-01
   1.3621358e+03   2.0976500e-01   8.2485600e-01
   1.3560300e+03   1.8795000e-01   8.2269400e-01
   1.3499786e+03   1.6591200e-01   8.2106100e-01
   1.3439811e+03   1.4368900e-01   8.1998500e-01
   1.3380366e+03   1.2132200e-01   8.1948900e-01
   1.3321445e+03   9.8855400e-02   8.1959100e-01
   1.3263040e+03   7.6337500e-02   8.2030400e-01
   1.3205146e+03   5.3818300e-02   8.2163300e-01
   1.3147754e+03   3.1348400e-02   8.2357900e-01
   1.3090859e+03   8.9777300e-03   8.2613200e-01
   1.3034455e+03   1.3245600e-02  -8.2927900e-01
   1.2978534e+03   3.5276600e-02  -8.3299800e-01
   1.2923091e+03   5.7074300e-02  -8.3726600e-01
   1.2868120e+03   7.8602700e-02  -8.4205000e-01
   1.2813615e+03   9.9830600e-02  -8.4732000e-01
   1.2759569e+03   1.2073300e-01  -8.5303900e-01
   1.2705978e+03   1.4128800e-01  -8.5917100e-01
   1.2652834e+03   1.6148200e-01  -8.6568100e-01
   1.2600134e+03   1.8130300e-01  -8.7253200e-01
   1.2547870e+03   2.0074500e-01  -8.7969000e-01
   1.2496038e+03   2.1980600e-01  -8.8712100e-01
   1.2444633e+03   2.3848600e-01  -8.9479600e-01
   1.2393649e+03   2.5678600e-01  -9.0268300e-01
   1.2343081e+03   2.7471400e-01  -9.1075800e-01
   1.2292924e+03   2.9227500e-01  -9.1899500e-01
   1.2243173e+03   3.0947700e-01  -9.2737100e-01
   1.2193823e+03   3.2633000e-01  -9.3586700e-01
   1.2144869e+03   3.4284300e-01  -9.4446300e-01
   1.2096307e+03   3.5902600e-01  -9.5314400e-01
   1.2048132e+03   3.7489000e-01  -9.6189400e-01
   1.2000339e+03   3.9044500e-01  -9.7070000e-01
   1.1952923e+03   4.0570200e-01  -9.7955100e-01
   1.1905881e+03   4.2067200e-01  -9.8843600e-01
   1.1859207e+03   4.3536400e-01  -9.9734500e-01
   1.1812898e+03   4.4978900e-01  -1.0062700e+00
   1.1766950e+03   4.6395700e-01  -1.0152000e+00
   1.1721357e+03   4.7787600e-01  -1.0241400e+00
   1.1676116e+03   4.9155600e-01  -1.0330700e+00
   1.1631223e+03   5.0500500e-01  -1.0420000e+00
   1.1586675e+03   5.1823300e-01  -1.0509100e+00
   1.1542466e+03   5.3124700e-01  -1.0598000e+00
   1.1498593e+03   5.4405500e-01  -1.0686700e+00
   1.1455052e+03   5.5666300e-01  -1.0775200e+00
   1.1411840e+03   5.6908100e-01  -1.0863500e+00
   1.1368953e+03   5.8131300e-01  -1.0951400e+00
   1.1326386e+03   5.9336700e-01  -1.1039100e+00
   1.1284138e+03   6.0524800e-01  -1.1126400e+00
   1.1242203e+03   6.1696300e-01  -1.1213400e+00
   1.1200579e+03   6.2851700e-01  -1.1300000e+00
   1.1159262e+03   6.3991500e-01  -1.1386300e+00
   1.1118249e+03   6.5116300e-01  -1.1472200e+00
   1.1077536e+03   6.6226600e-01  -1.1557700e+00
   1.1037120e+03   6.7322700e-01  -1.1642800e+00
   1.0996998e+03   6.8405200e-01  -1.1727600e+00
   1.0957166e+03   6.9474500e-01  -1.1812000e+00
   1.0917623e+03   7.0531000e-01  -1.1895900e+00
   1.0878363e+03   7.1575100e-01  -1.1979500e+00
   1.0839385e+03   7.2607100e-01  -1.2062600e+00
   1.0800685e+03   7.3627400e-01  -1.2145400e+00
   1.0762261e+03   7.4636400e-01  -1.2227800e+00
   1.0724109e+03   7.5634300e-01  -1.2309700e+00
   1.0686226e+03   7.6621500e-01  -1.2391300e+00
   1.0648610e+03   7.7598300e-01  -1.2472400e+00
   1.0611258e+03   7.8564900e-01  -1.2553200e+00
   1.0574168e+03   7.9521700e-01  -1.2633500e+00
   1.0537335e+03   8.0468900e-01  -1.2713500e+00
   1.0500795e+03   8.1406700e-01  -1.2793100e+00
   1.0464471e+03   8.2335500e-01  -1.2872300e+00
   1.0428398e+03   8.3255400e-01  -1.2951100e+00
   1.0392572e+03   8.4166700e-01  -1.3029500e+00
   1.0356992e+03   8.5069500e-01  -1.3107500e+00
   1.0321655e+03   8.5964100e-01  -1.3185100e+00
   1.0286557e+03   8.6850700e-01  -1.3262400e+00
   1.0251698e+03   8.7729500e-01  -1.3339300e+00
   1.0217074e+03   8.8600700e-01  -1.3415800e+00
   1.0182684e+03   8.9464400e-01  -1.3492000e+00
   1.0148523e+03   9.0320800e-01  -1.3567800e+00
   1.0114592e+03   9.1170100e-01  -1.3643200e+00
   1.0080886e+03   9.2012400e-01  -1.3718300e+00
   1.0047405e+03   9.2848000e-01  -1.3793100e+00
   1.0014145e+03   9.3676900e-01  -1.3867400e+00
   9.9811046e+02   9.4499200e-01  -1.3941500e+00
   9.9482815e+02   9.5315300e-01  -1.4015200e+00
   9.9156736e+02   9.6125100e-01  -1.4088500e+00
   9.8832787e+02   9.6928700e-01  -1.4161600e+00
   9.8510948e+02   9.7726500e-01  -1.4234300e+00
   9.8191199e+02   9.8518300e-01  -1.4306600e+00
   9.7873518e+02   9.9304500e-01  -1.4378700e+00
   9.7557886e+02   1.0008500e+00  -1.4450400e+00
   9.7244284e+02   1.0086000e+00  -1.4521800e+00
   9.6932691e+02   1.0163000e+00  -1.4592900e+00
   9.6623089e+02   1.0239400e+00  -1.4663700e+00
   9.6315458e+02   1.0315300e+00  -1.4734100e+00
   9.6009780e+02   1.0390700e+00  -1.4804300e+00
   9.5706036e+02   1.0465600e+00  -1.4874200e+00
   9.5404208e+02   1.0540000e+00  -1.4943700e+00
   9.5104277e+02   1.0613900e+00  -1.5013000e+00
   9.4806227e+02   1.0687400e+00  -1.5082000e+00
   9.4510039e+02   1.0760400e+00  -1.5150700e+00
   9.4215695e+02   1.0832900e+00  -1.5219100e+00
   9.3923180e+02   1.0905000e+00  -1.5287300e+00
   9.3632475e+02   1.0976700e+00  -1.5355100e+00
   9.3343564e+02   1.1047900e+00  -1.5422700e+00
   9.3056431e+02   1.1118700e+00  -1.5490000e+00
   9.2771058e+02   1.1189000e+00  -1.5557000e+00
   9.2487431e+02   1.1259000e+00  -1.5623800e+00
   9.2205532e+02   1.1328600e+00  -1.5690300e+00
   9.1925347e+02   1.1397700e+00  -1.5756500e+00
   9.1646860e+02   1.1466500e+00  -1.5822500e+00
   9.1370054e+02   1.1534900e+00  -1.5888300e+00
   9.1094916e+02   1.1602900e+00  -1.5953700e+00
   9.0821430e+02   1.1670500e+00  -1.6018900e+00
   9.0549581e+02   1.1737800e+00  -1.6083900e+00
   9.0279354e+02   1.1804700e+00  -1.6148700e+00
   9.0010736e+02   1.1871200e+00  -1.6213100e+00
   8.9743711e+02   1.1937400e+00  -1.6277400e+00
   8.9478267e+02   1.2003200e+00  -1.6341400e+00
   8.9214387e+02   1.2068700e+00  -1.6405200e+00
   8.8952060e+02   1.2133900e+00  -1.6468700e+00
   8.8691270e+02   1.2198800e+00  -1.6532000e+00
   8.8432006e+02   1.2263300e+00  -1.6595100e+00
   8.8174252e+02   1.2327500e+00  -1.6657900e+00
   8.7917997e+02   1.2391300e+00  -1.6720600e+00
   8.7663227e+02   1.2454900e+00  -1.6783000e+00
   8.7409930e+02   1.2518200e+00  -1.6845200e+00
   8.7158092e+02   1.2581100e+00  -1.6907100e+00
   8.6907700e+02   1.2643800e+00  -1.6968900e+00
   8.6658744e+02   1.2706100e+00  -1.7030400e+00
   8.6411210e+02   1.2768200e+00  -1.7091700e+00
   8.6165085e+02   1.2830000e+00  -1.7152900e+00
   8.5920359e+02   1.2891500e+00  -1.7213800e+00
   8.5677019e+02   1.2952700e+00  -1.7274500e+00
   8.5435054e+02   1.3013700e+00  -1.7335000e+00
   8.5194451e+02   1.3074300e+00  -1.7395300e+00
   8.4955200e+02   1.3134700e+00  -1.7455400e+00
   8.4717289e+02   1.3194900e+00  -1.7515300e+00
   8.4480706e+02   1.3254700e+00  -1.7575000e+00
   8.4245441e+02   1.3314400e+00  -1.7634500e+00
   8.4011483e+02   1.3373700e+00  -1.7693800e+00
   8.3778821e+02   1.3432800e+00  -1.7752900e+00
   8.3547444e+02   1.3491700e+00  -1.7811900e+00
   8.3317341e+02   1.3550300e+00  -1.7870600e+00
   8.3088503e+02   1.3608700e+00  -1.7929200e+00
   8.2860918e+02   1.3666800e+00  -1.7987600e+00
   8.2634576e+02   1.3724700e+00  -1.8045800e+00
   8.2409468e+02   1.3782300e+00  -1.8103800e+00
   8.2185582e+02   1.3839800e+00  -1.8161600e+00
   8.1962910e+02   1.3897000e+00  -1.8219300e+00
   8.1741441e+02   1.3953900e+00  -1.8276800e+00
   8.1521166e+02   1.4010700e+00  -1.8334100e+00
   8.1302075e+02   1.4067200e+00  -1.8391200e+00
   8.1084158e+02   1.4123500e+00  -1.8448200e+00
   8.0867406e+02   1.4179600e+00  -1.8505000e+00
   8.0651811e+02   1.4235500e+00  -1.8561600e+00
   8.0437361e+02   1.4291100e+00  -1.8618100e+00
   8.0224049e+02   1.4346600e+00  -1.8674400e+00
   8.0011865e+02   1.4401800e+00  -1.8730500e+00
   7.9800801e+02   1.4456900e+00  -1.8786500e+00
   7.9590848e+02   1.4511700e+00  -1.8842300e+00
   7.9381996e+02   1.4566300e+00  -1.8898000e+00
   7.9174237e+02   1.4620800e+00  -1.8953400e+00
   7.8967563e+02   1.4675000e+00  -1.9008800e+00
   7.8761966e+02   1.4729100e+00  -1.9064000e+00
   7.8557436e+02   1.4782900e+00  -1.9119000e+00
   7.8353965e+02   1.4836600e+00  -1.9173800e+00
   7.8151546e+02   1.4890100e+00  -1.9228600e+00
   7.7950170e+02   1.4943400e+00  -1.9283100e+00
   7.7749830e+02   1.4996500e+00  -1.9337500e+00
   7.7550516e+02   1.5049400e+00  -1.9391800e+00
   7.7352222e+02   1.5102200e+00  -1.9445900e+00
   7.7154939e+02   1.5154700e+00  -1.9499900e+00
   7.6958659e+02   1.5207100e+00  -1.9553700e+00
   7.6763376e+02   1.5259300e+00  -1.9607400e+00
   7.6569082e+02   1.5311400e+00  -1.9660900e+00
   7.6375769e+02   1.5363200e+00  -1.9714300e+00
   7.6183429e+02   1.5414900e+00  -1.9767600e+00
   7.5992055e+02   1.5466500e+00  -1.9820700e+00
   7.5801833e+02   1.5517800e+00  -1.9873700e+00
   7.5612369e+02   1.5569000e+00  -1.9926500e+00
   7.5423850e+02   1.5620000e+00  -1.9979200e+00
   7.5236269e+02   1.5670900e+00  -2.0031800e+00
   7.5049619e+02   1.5721600e+00  -2.0084200e+00
   7.4863893e+02   1.5772200e+00  -2.0136500e+00
   7.4679083e+02   1.5822600e+00  -2.0188700e+00
   7.4495184e+02   1.5872800e+00  -2.0240700e+00
   7.4312188e+02   1.5922900e+00  -2.0292600e+00
   7.4130089e+02   1.5972800e+00  -2.0344400e+00
   7.3948880e+02   1.6022600e+00  -2.0396000e+00
   7.3768555e+02   1.6072200e+00  -2.0447500e+00
   7.3589108e+02   1.6121700e+00  -2.0498900e+00
   7.3410531e+02   1.6171000e+00  -2.0550200e+00
   7.3232819e+02   1.6220200e+00  -2.0601300e+00
   7.3055965e+02   1.6269200e+00  -2.0652300e+00
   7.2879963e+02   1.6318100e+00  -2.0703200e+00
   7.2704808e+02   1.6366900e+00  -2.0754000e+00
   7.2530492e+02   1.6415500e+00  -2.0804600e+00
   7.2357010e+02   1.6463900e+00  -2.0855200e+00
   7.2184356e+02   1.6512300e+00  -2.0905600e+00
   7.2012524e+02   1.6560400e+00  -2.0955900e+00
   7.1841508e+02   1.6608500e+00  -2.1006000e+00
   7.1671303e+02   1.6656400e+00  -2.1056100e+00
   7.1501902e+02   1.6704200e+00  -2.1106000e+00
   7.1333300e+02   1.6751800e+00  -2.1155800e+00
   7.1165491e+02   1.6799300e+00  -2.1205500e+00
   7.0998470e+02   1.6846700e+00  -2.1255100e+00
   7.0832231e+02   1.6894000e+00  -2.1304600e+00
   7.0666768e+02   1.6941100e+00  -2.1354000e+00
   7.0502077e+02   1.6988100e+00  -2.1403200e+00
   7.0338152e+02   1.7034900e+00  -2.1452300e+00
   7.0174987e+02   1.7081700e+00  -2.1501400e+00
   7.0012578e+02   1.7128300e+00  -2.1550300e+00
   6.9850918e+02   1.7174800e+00  -2.1599100e+00
   6.9690004e+02   1.7221100e+00  -2.1647800e+00
   6.9529829e+02   1.7267400e+00  -2.1696400e+00
   6.9370388e+02   1.7313500e+00  -2.1744900e+00
   6.9211678e+02   1.7359500e+00  -2.1793300e+00
   6.9053691e+02   1.7405400e+00  -2.1841500e+00
   6.8896425e+02   1.7451100e+00  -2.1889700e+00
   6.8739873e+02   1.7496800e+00  -2.1937800e+00
   6.8584031e+02   1.7542300e+00  -2.1985700e+00
   6.8428894e+02   1.7587700e+00  -2.2033600e+00
   6.8274457e+02   1.7633000e+00  -2.2081300e+00
   6.8120716e+02   1.7678200e+00  -2.2129000e+00
   6.7967665e+02   1.7723300e+00  -2.2176600e+00
   6.7815301e+02   1.7768200e+00  -2.2224000e+00
   6.7663618e+02   1.7813100e+00  -2.2271400e+00
   6.7512613e+02   1.7857800e+00  -2.2318600e+00
   6.7362280e+02   1.7902400e+00  -2.2365800e+00
   6.7212615e+02   1.7946900e+00  -2.2412800e+00
   6.7063613e+02   1.7991300e+00  -2.2459800e+00
   6.6915271e+02   1.8035600e+00  -2.2506600e+00
   6.6767583e+02   1.8079800e+00  -2.2553400e+00
   6.6620546e+02   1.8123900e+00  -2.2600100e+00
   6.6474155e+02   1.8167900e+00  -2.2646700e+00
   6.6328406e+02   1.8211800e+00  -2.2693100e+00
   6.6183295e+02   1.8255500e+00  -2.2739500e+00
   6.6038818e+02   1.8299200e+00  -2.2785800e+00
   6.5894969e+02   1.8342800e+00  -2.2832000e+00
   6.5751746e+02   1.8386200e+00  -2.2878100e+00
   6.5609145e+02   1.8429600e+00  -2.2924200e+00
   6.5467160e+02   1.8472800e+00  -2.2970100e+00
   6.5325789e+02   1.8516000e+00  -2.3015900e+00
   6.5185027e+02   1.8559100e+00  -2.3061700e+00
   6.5044870e+02   1.8602000e+00  -2.3107300e+00
   6.4905315e+02   1.8644900e+00  -2.3152900e+00
   6.4766357e+02   1.8687600e+00  -2.3198400e+00
   6.4627993e+02   1.8730300e+00  -2.3243800e+00
   6.4490219e+02   1.8772900e+00  -2.3289100e+00
   6.4353031e+02   1.8815400e+00  -2.3334300e+00
   6.4216426e+02   1.8857800e+00  -2.3379400e+00
   6.4080399e+02   1.8900100e+00  -2.3424500e+00
   6.3944948e+02   1.8942300e+00  -2.3469400e+00
   6.3810067e+02   1.8984400e+00  -2.3514300e+00
   6.3675755e+02   1.9026400e+00  -2.3559100e+00
   6.3542007e+02   1.9068300e+00  -2.3603800e+00
   6.3408819e+02   1.9110100e+00  -2.3648400e+00
   6.3276189e+02   1.9151900e+00  -2.3693000e+00
   6.3144112e+02   1.9193500e+00  -2.3737400e+00
   6.3012586e+02   1.9235100e+00  -2.3781800e+00
   6.2881606e+02   1.9276600e+00  -2.3826100e+00
   6.2751170e+02   1.9317900e+00  -2.3870300e+00
   6.2621273e+02   1.9359200e+00  -2.3914400e+00
   6.2491914e+02   1.9400400e+00  -2.3958500e+00
   6.2363088e+02   1.9441600e+00  -2.4002400e+00
   6.2234791e+02   1.9482600e+00  -2.4046300e+00
   6.2107022e+02   1.9523600e+00  -2.4090100e+00
   6.1979776e+02   1.9564400e+00  -2.4133900e+00
   6.1853051e+02   1.9605200e+00  -2.4177500e+00
   6.1726842e+02   1.9645900e+00  -2.4221100e+00
   6.1601148e+02   1.9686500e+00  -2.4264600e+00
   6.1475964e+02   1.9727100e+00  -2.4308000e+00
   6.1351289e+02   1.9767500e+00  -2.4351400e+00
   6.1227117e+02   1.9807900e+00  -2.4394600e+00
   6.1103448e+02   1.9848200e+00  -2.4437800e+00
   6.0980277e+02   1.9888400e+00  -2.4480900e+00
   6.0857602e+02   1.9928500e+00  -2.4524000e+00
   6.0735419e+02   1.9968600e+00  -2.4566900e+00
   6.0613726e+02   2.0008500e+00  -2.4609800e+00
   6.0492520e+02   2.0048400e+00  -2.4652600e+00
   6.0371797e+02   2.0088200e+00  -2.4695400e+00
   6.0251555e+02   2.0128000e+00  -2.4738100e+00
   6.0131791e+02   2.0167600e+00  -2.4780700e+00
   6.0012503e+02   2.0207200e+00  -2.4823200e+00
   5.9893687e+02   2.0246700e+00  -2.4865600e+00
   5.9775340e+02   2.0286100e+00  -2.4908000e+00
   5.9657460e+02   2.0325500e+00  -2.4950300e+00
   5.9540044e+02   2.0364800e+00  -2.4992600e+00
   5.9423090e+02   2.0404000e+00  -2.5034700e+00
   5.9306711e+02   2.0443100e+00  -2.5076800e+00
   5.9190670e+02   2.0482100e+00  -2.5118900e+00
   5.9075083e+02   2.0521100e+00  -2.5160800e+00
   5.8959946e+02   2.0560000e+00  -2.5202700e+00
   5.8845257e+02   2.0598800e+00  -2.5244500e+00
   5.8731013e+02   2.0637600e+00  -2.5286300e+00
   5.8617213e+02   2.0676300e+00  -2.5328000e+00
   5.8503852e+02   2.0714900e+00  -2.5369600e+00
   5.8390929e+02   2.0753500e+00  -2.5411100e+00
   5.8278441e+02   2.0791900e+00  -2.5452600e+00
   5.8166385e+02   2.0830300e+00  -2.5494000e+00
   5.8054760e+02   2.0868700e+00  -2.5535400e+00
   5.7943562e+02   2.0906900e+00  -2.5576600e+00
   5.7832790e+02   2.0945100e+00  -2.5617900e+00
   5.7722440e+02   2.0983200e+00  -2.5659000e+00
   5.7612510e+02   2.1021300e+00  -2.5700100e+00
   5.7502999e+02   2.1059300e+00  -2.5741100e+00
   5.7393902e+02   2.1097200e+00  -2.5782100e+00
   5.7285220e+02   2.1135100e+00  -2.5822900e+00
   5.7176947e+02   2.1172900e+00  -2.5863800e+00
   5.7069084e+02   2.1210600e+00  -2.5904500e+00
   5.6961627e+02   2.1248200e+00  -2.5945200e+00
   5.6854573e+02   2.1285800e+00  -2.5985900e+00
   5.6747921e+02   2.1323300e+00  -2.6026400e+00
   5.6641669e+02   2.1360800e+00  -2.6066900e+00
   5.6535813e+02   2.1398200e+00  -2.6107400e+00
   5.6430353e+02   2.1435500e+00  -2.6147800e+00
   5.6325285e+02   2.1472800e+00  -2.6188100e+00
   5.6220608e+02   2.1510000e+00  -2.6228300e+00
   5.6116319e+02   2.1547100e+00  -2.6268500e+00
   5.6012417e+02   2.1584200e+00  -2.6308700e+00
   5.5908898e+02   2.1621200e+00  -2.6348800e+00
   5.5805762e+02   2.1658100e+00  -2.6388800e+00
   5.5703005e+02   2.1695000e+00  -2.6428700e+00
   5.5600626e+02   2.1731800e+00  -2.6468600e+00
   5.5498622e+02   2.1768600e+00  -2.6508500e+00
   5.5396992e+02   2.1805300e+00  -2.6548200e+00
   5.5295734e+02   2.1841900e+00  -2.6588000e+00
   5.5194845e+02   2.1878500e+00  -2.6627600e+00
   5.5094324e+02   2.1915000e+00  -2.6667200e+00
   5.4994168e+02   2.1951400e+00  -2.6706800e+00
   5.4894376e+02   2.1987800e+00  -2.6746200e+00
   5.4794945e+02   2.2024200e+00  -2.6785700e+00
   5.4695873e+02   2.2060400e+00  -2.6825000e+00
   5.4597160e+02   2.2096700e+00  -2.6864300e+00
   5.4498802e+02   2.2132800e+00  -2.6903600e+00
   5.4400797e+02   2.2168900e+00  -2.6942800e+00
   5.4303145e+02   2.2205000e+00  -2.6981900e+00
   5.4205842e+02   2.2240900e+00  -2.7021000e+00
   5.4108888e+02   2.2276900e+00  -2.7060000e+00
   5.4012280e+02   2.2312700e+00  -2.7099000e+00
   5.3916016e+02   2.2348500e+00  -2.7137900e+00
   5.3820095e+02   2.2384300e+00  -2.7176800e+00
   5.3724514e+02   2.2420000e+00  -2.7215600e+00
   5.3629272e+02   2.2455600e+00  -2.7254300e+00
   5.3534368e+02   2.2491200e+00  -2.7293000e+00
   5.3439798e+02   2.2526700e+00  -2.7331700e+00
   5.3345562e+02   2.2562200e+00  -2.7370300e+00
   5.3251658e+02   2.2597600e+00  -2.7408800e+00
   5.3158084e+02   2.2633000e+00  -2.7447300e+00
   5.3064838e+02   2.2668300e+00  -2.7485700e+00
   5.2971919e+02   2.2703500e+00  -2.7524100e+00
   5.2879325e+02   2.2738700e+00  -2.7562400e+00
   5.2787054e+02   2.2773900e+00  -2.7600700e+00
   5.2695104e+02   2.2809000e+00  -2.7638900e+00
   5.2603474e+02   2.2844000e+00  -2.7677000e+00
   5.2512162e+02   2.2879000e+00  -2.7715100e+00
   5.2421167e+02   2.2913900e+00  -2.7753200e+00
   5.2330486e+02   2.2948800e+00  -2.7791200e+00
   5.2240119e+02   2.2983600e+00  -2.7829200e+00
   5.2150063e+02   2.3018400e+00  -2.7867100e+00
   5.2060317e+02   2.3053100e+00  -2.7904900e+00
   5.1970879e+02   2.3087800e+00  -2.7942700e+00
   5.1881749e+02   2.3122400e+00  -2.7980500e+00
   5.1792923e+02   2.3157000e+00  -2.8018200e+00
   5.1704401e+02   2.3191500e+00  -2.8055800e+00
   5.1616181e+02   2.3225900e+00  -2.8093400e+00
   5.1528262e+02   2.3260300e+00  -2.8131000e+00
   5.1440642e+02   2.3294700e+00  -2.8168500e+00
   5.1353319e+02   2.3329000e+00  -2.8205900e+00
   5.1266292e+02   2.3363300e+00  -2.8243300e+00
   5.1179559e+02   2.3397500e+00  -2.8280700e+00
   5.1093120e+02   2.3431600e+00  -2.8318000e+00
   5.1006972e+02   2.3465800e+00  -2.8355200e+00
   5.0921114e+02   2.3499800e+00  -2.8392400e+00
   5.0835545e+02   2.3533800e+00  -2.8429600e+00
   5.0750262e+02   2.3567800e+00  -2.8466700e+00
   5.0665266e+02   2.3601700e+00  -2.8503700e+00
   5.0580553e+02   2.3635600e+00  -2.8540700e+00
   5.0496124e+02   2.3669400e+00  -2.8577700e+00
   5.0411976e+02   2.3703200e+00  -2.8614600e+00
   5.0328108e+02   2.3736900e+00  -2.8651500e+00
   5.0244518e+02   2.3770600e+00  -2.8688300e+00
   5.0161206e+02   2.3804200e+00  -2.8725100e+00
   5.0078169e+02   2.3837800e+00  -2.8761800e+00
   4.9995407e+02   2.3871300e+00  -2.8798500e+00
   4.9912918e+02   2.3904800e+00  -2.8835100e+00
   4.9830701e+02   2.3938200e+00  -2.8871700e+00
   4.9748754e+02   2.3971600e+00  -2.8908200e+00
   4.9667076e+02   2.4005000e+00  -2.8944700e+00
   4.9585666e+02   2.4038300e+00  -2.8981200e+00
   4.9504523e+02   2.4071500e+00  -2.9017600e+00
   4.9423644e+02   2.4104800e+00  -2.9053900e+00
   4.9343030e+02   2.4137900e+00  -2.9090300e+00
   4.9262678e+02   2.4171000e+00  -2.9126500e+00
   4.9182587e+02   2.4204100e+00  -2.9162800e+00
   4.9102756e+02   2.4237100e+00  -2.9198900e+00
   4.9023184e+02   2.4270100e+00  -2.9235100e+00
   4.8943870e+02   2.4303100e+00  -2.9271200e+00
   4.8864811e+02   2.4336000e+00  -2.9307200e+00
   4.8786008e+02   2.4368800e+00  -2.9343200e+00
   4.8707538e+02   2.4401600e+00  -2.9379200e+00
   4.8629240e+02   2.4434400e+00  -2.9415100e+00
   4.8551194e+02   2.4467100e+00  -2.9450900e+00
   4.8473398e+02   2.4499800e+00  -2.9486800e+00
   4.8395852e+02   2.4532400e+00  -2.9522500e+00
   4.8318552e+02   2.4565000e+00  -2.9558300e+00
   4.8241500e+02   2.4597600e+00  -2.9594000e+00
   4.8164692e+02   2.4630100e+00  -2.9629600e+00
   4.8088129e+02   2.4662500e+00  -2.9665300e+00
   4.8011809e+02   2.4694900e+00  -2.9700800e+00
   4.7935731e+02   2.4727300e+00  -2.9736300e+00
   4.7859893e+02   2.4759700e+00  -2.9771800e+00
   4.7784295e+02   2.4792000e+00  -2.9807300e+00
   4.7708936e+02   2.4824200e+00  -2.9842700e+00
   4.7633814e+02   2.4856400e+00  -2.9878000e+00
   4.7558928e+02   2.4888600e+00  -2.9913300e+00
   4.7484277e+02   2.4920700e+00  -2.9948600e+00
   4.7409860e+02   2.4952800e+00  -2.9983900e+00
   4.7335676e+02   2.4984800e+00  -3.0019000e+00
   4.7261724e+02   2.5016800e+00  -3.0054200e+00
   4.7188002e+02   2.5048800e+00  -3.0089300e+00
   4.7114511e+02   2.5080700e+00  -3.0124400e+00
   4.7041247e+02   2.5112600e+00  -3.0159400e+00
   4.6968212e+02   2.5144500e+00  -3.0194400e+00
   4.6895402e+02   2.5176300e+00  -3.0229300e+00
   4.6822818e+02   2.5208000e+00  -3.0264300e+00
   4.6750459e+02   2.5239700e+00  -3.0299100e+00
   4.6678322e+02   2.5271400e+00  -3.0334000e+00
   4.6606408e+02   2.5303100e+00  -3.0368700e+00
   4.6534715e+02   2.5334700e+00  -3.0403500e+00
   4.6463243e+02   2.5366200e+00  -3.0438200e+00
   4.6391989e+02   2.5397800e+00  -3.0472900e+00
   4.6320954e+02   2.5429200e+00  -3.0507500e+00
   4.6250136e+02   2.5460700e+00  -3.0542100e+00
   4.6179534e+02   2.5492100e+00  -3.0576600e+00
   4.6109148e+02   2.5523500e+00  -3.0611200e+00
   4.6038976e+02   2.5554800e+00  -3.0645600e+00
   4.5969017e+02   2.5586100e+00  -3.0680100e+00
   4.5899270e+02   2.5617400e+00  -3.0714500e+00
   4.5829734e+02   2.5648600e+00  -3.0748800e+00
   4.5760409e+02   2.5679800e+00  -3.0783100e+00
   4.5691294e+02   2.5710900e+00  -3.0817400e+00
   4.5622387e+02   2.5742000e+00  -3.0851700e+00
   4.5553687e+02   2.5773100e+00  -3.0885900e+00
   4.5485194e+02   2.5804100e+00  -3.0920000e+00
   4.5416906e+02   2.5835100e+00  -3.0954200e+00
   4.5348824e+02   2.5866000e+00  -3.0988300e+00
   4.5280945e+02   2.5897000e+00  -3.1022300e+00
   4.5213269e+02   2.5927800e+00  -3.1056400e+00
   4.5145795e+02   2.5958700e+00  -3.1090300e+00
   4.5078522e+02   2.5989500e+00  -3.1124300e+00
   4.5011450e+02   2.6020300e+00  -3.1158200e+00
   4.4944576e+02   2.6051000e+00  -3.1192100e+00
   4.4877901e+02   2.6081700e+00  -3.1225900e+00
   4.4811424e+02   2.6112400e+00  -3.1259700e+00
   4.4745143e+02   2.6143000e+00  -3.1293500e+00
   4.4679058e+02   2.6173600e+00  -3.1327200e+00
   4.4613168e+02   2.6204200e+00  -3.1360900e+00
   4.4547472e+02   2.6234700e+00  -3.1394500e+00
   4.4481969e+02   2.6265200e+00  -3.1428100e+00
   4.4416659e+02   2.6295600e+00  -3.1461700e+00
   4.4351540e+02   2.6326000e+00  -3.1495300e+00
   4.4286611e+02   2.6356400e+00  -3.1528800e+00
   4.4221873e+02   2.6386800e+00  -3.1562300e+00
   4.4157323e+02   2.6417100e+00  -3.1595700e+00
   4.4092962e+02   2.6447400e+00  -3.1629100e+00
   4.4028788e+02   2.6477600e+00  -3.1662500e+00
   4.3964801e+02   2.6507800e+00  -3.1695800e+00
   4.3900999e+02   2.6538000e+00  -3.1729100e+00
   4.3837382e+02   2.6568100e+00  -3.1762400e+00
   4.3773949e+02   2.6598200e+00  -3.1795600e+00
   4.3710700e+02   2.6628300e+00  -3.1828800e+00
   4.3647633e+02   2.6658300e+00  -3.1862000e+00
   4.3584748e+02   2.6688300e+00  -3.1895100e+00
   4.3522044e+02   2.6718300e+00  -3.1928200e+00
   4.3459520e+02   2.6748200e+00  -3.1961200e+00
   4.3397175e+02   2.6778200e+00  -3.1994300e+00
   4.3335009e+02   2.6808000e+00  -3.2027300e+00
   4.3273021e+02   2.6837900e+00  -3.2060200e+00
   4.3211210e+02   2.6867700e+00  -3.2093100e+00
   4.3149575e+02   2.6897400e+00  -3.2126000e+00
   4.3088116e+02   2.6927200e+00  -3.2158900e+00
   4.3026831e+02   2.6956900e+00  -3.2191700e+00
   4.2965721e+02   2.6986600e+00  -3.2224500e+00
   4.2904784e+02   2.7016200e+00  -3.2257200e+00
   4.2844020e+02   2.7045800e+00  -3.2290000e+00
   4.2783427e+02   2.7075400e+00  -3.2322700e+00
   4.2723006e+02   2.7104900e+00  -3.2355300e+00
   4.2662755e+02   2.7134400e+00  -3.2387900e+00
   4.2602674e+02   2.7163900e+00  -3.2420500e+00
   4.2542761e+02   2.7193400e+00  -3.2453100e+00
   4.2483017e+02   2.7222800e+00  -3.2485600e+00
   4.2423441e+02   2.7252200e+00  -3.2518100e+00
   4.2364031e+02   2.7281500e+00  -3.2550600e+00
   4.2304788e+02   2.7310800e+00  -3.2583000e+00
   4.2245710e+02   2.7340100e+00  -3.2615400e+00
   4.2186797e+02   2.7369400e+00  -3.2647800e+00
   4.2128048e+02   2.7398600e+00  -3.2680100e+00
   4.2069462e+02   2.7427800e+00  -3.2712400e+00
   4.2011039e+02   2.7457000e+00  -3.2744700e+00
   4.1952779e+02   2.7486100e+00  -3.2776900e+00
   4.1894679e+02   2.7515200e+00  -3.2809100e+00
   4.1836740e+02   2.7544300e+00  -3.2841300e+00
   4.1778961e+02   2.7573300e+00  -3.2873400e+00
   4.1721342e+02   2.7602400e+00  -3.2905500e+00
   4.1663881e+02   2.7631300e+00  -3.2937600e+00
   4.1606579e+02   2.7660300e+00  -3.2969700e+00
   4.1549433e+02   2.7689200e+00  -3.3001700e+00
   4.1492445e+02   2.7718100e+00  -3.3033700e+00
   4.1435613e+02   2.7747000e+00  -3.3065600e+00
   4.1378936e+02   2.7775800e+00  -3.3097500e+00
   4.1322471e+02   2.7804600e+00  -3.3129400e+00
   4.1266103e+02   2.7833400e+00  -3.3161300e+00
   4.1209888e+02   2.7862100e+00  -3.3193100e+00
   4.1153827e+02   2.7890800e+00  -3.3224900e+00
   4.1097917e+02   2.7919500e+00  -3.3256700e+00
   4.1042160e+02   2.7948200e+00  -3.3288400e+00
   4.0986554e+02   2.7976800e+00  -3.3320200e+00
   4.0931098e+02   2.8005400e+00  -3.3351800e+00
   4.0875792e+02   2.8034000e+00  -3.3383500e+00
   4.0820635e+02   2.8062500e+00  -3.3415100e+00
   4.0765627e+02   2.8091000e+00  -3.3446700e+00
   4.0710767e+02   2.8119500e+00  -3.3478300e+00
   4.0656054e+02   2.8147900e+00  -3.3509800e+00
   4.0601488e+02   2.8176400e+00  -3.3541300e+00
   4.0547069e+02   2.8204800e+00  -3.3572800e+00
   4.0492795e+02   2.8233100e+00  -3.3604200e+00
   4.0438666e+02   2.8261500e+00  -3.3635600e+00
   4.0384682e+02   2.8289800e+00  -3.3667000e+00
   4.0330842e+02   2.8318100e+00  -3.3698400e+00
   4.0277145e+02   2.8346300e+00  -3.3729700e+00
   4.0223591e+02   2.8374500e+00  -3.3761000e+00
   4.0170179e+02   2.8402700e+00  -3.3792300e+00
   4.0116909e+02   2.8430900e+00  -3.3823500e+00
   4.0063780e+02   2.8459000e+00  -3.3854700e+00
   4.0010791e+02   2.8487200e+00  -3.3885900e+00
   3.9957943e+02   2.8515200e+00  -3.3917100e+00
   3.9905234e+02   2.8543300e+00  -3.3948200e+00
   3.9852663e+02   2.8571300e+00  -3.3979300e+00
   3.9800232e+02   2.8599300e+00  -3.4010400e+00
   3.9747937e+02   2.8627300e+00  -3.4041400e+00
   3.9695780e+02   2.8655300e+00  -3.4072400e+00
   3.9643760e+02   2.8683200e+00  -3.4103400e+00
   3.9591876e+02   2.8711100e+00  -3.4134400e+00
   3.9540128e+02   2.8738900e+00  -3.4165300e+00
   3.9488514e+02   2.8766800e+00  -3.4196200e+00
   3.9437036e+02   2.8794600e+00  -3.4227100e+00
   3.9385691e+02   2.8822400e+00  -3.4257900e+00
   3.9334480e+02   2.8850100e+00  -3.4288700e+00
   3.9283402e+02   2.8877900e+00  -3.4319500e+00
   3.9232456e+02   2.8905600e+00  -3.4350300e+00
   3.9181642e+02   2.8933300e+00  -3.4381000e+00
   3.9130960e+02   2.8960900e+00  -3.4411700e+00
   3.9080409e+02   2.8988600e+00  -3.4442400e+00
   3.9029988e+02   2.9016200e+00  -3.4473100e+00
   3.8979697e+02   2.9043700e+00  -3.4503700e+00
   3.8929535e+02   2.9071300e+00  -3.4534300e+00
   3.8879503e+02   2.9098800e+00  -3.4564800e+00
   3.8829599e+02   2.9126300e+00  -3.4595400e+00
   3.8779822e+02   2.9153800e+00  -3.4625900e+00
   3.8730174e+02   2.9181200e+00  -3.4656400e+00
   3.8680652e+02   2.9208600e+00  -3.4686900e+00
   3.8631257e+02   2.9236000e+00  -3.4717300e+00
   3.8581987e+02   2.9263400e+00  -3.4747700e+00
   3.8532843e+02   2.9290700e+00  -3.4778100e+00
   3.8483825e+02   2.9318100e+00  -3.4808500e+00
   3.8434931e+02   2.9345400e+00  -3.4838800e+00
   3.8386160e+02   2.9372600e+00  -3.4869100e+00
   3.8337514e+02   2.9399900e+00  -3.4899400e+00
   3.8288991e+02   2.9427100e+00  -3.4929600e+00
   3.8240590e+02   2.9454300e+00  -3.4959900e+00
   3.8192311e+02   2.9481400e+00  -3.4990100e+00
   3.8144155e+02   2.9508600e+00  -3.5020200e+00
   3.8096119e+02   2.9535700e+00  -3.5050400e+00
   3.8048205e+02   2.9562800e+00  -3.5080500e+00
   3.8000410e+02   2.9589900e+00  -3.5110600e+00
   3.7952736e+02   2.9616900e+00  -3.5140700e+00
   3.7905181e+02   2.9643900e+00  -3.5170700e+00
   3.7857746e+02   2.9670900e+00  -3.5200700e+00
   3.7810428e+02   2.9697900e+00  -3.5230700e+00
   3.7763229e+02   2.9724800e+00  -3.5260700e+00
   3.7716148e+02   2.9751800e+00  -3.5290600e+00
   3.7669184e+02   2.9778600e+00  -3.5320600e+00
   3.7622336e+02   2.9805500e+00  -3.5350500e+00
   3.7575605e+02   2.9832400e+00  -3.5380300e+00
   3.7528990e+02   2.9859200e+00  -3.5410200e+00
   3.7482491e+02   2.9886000e+00  -3.5440000e+00
   3.7436106e+02   2.9912800e+00  -3.5469800e+00
   3.7389837e+02   2.9939500e+00  -3.5499500e+00
   3.7343681e+02   2.9966200e+00  -3.5529300e+00
   3.7297639e+02   2.9993000e+00  -3.5559000e+00
   3.7251711e+02   3.0019600e+00  -3.5588700e+00
   3.7205896e+02   3.0046300e+00  -3.5618400e+00
   3.7160193e+02   3.0072900e+00  -3.5648000e+00
   3.7114602e+02   3.0099500e+00  -3.5677600e+00
   3.7069123e+02   3.0126100e+00  -3.5707200e+00
   3.7023756e+02   3.0152700e+00  -3.5736800e+00
   3.6978499e+02   3.0179200e+00  -3.5766300e+00
   3.6933353e+02   3.0205700e+00  -3.5795900e+00
   3.6888317e+02   3.0232200e+00  -3.5825400e+00
   3.6843391e+02   3.0258700e+00  -3.5854800e+00
   3.6798573e+02   3.0285100e+00  -3.5884300e+00
   3.6753865e+02   3.0311600e+00  -3.5913700e+00
   3.6709266e+02   3.0338000e+00  -3.5943100e+00
   3.6664774e+02   3.0364300e+00  -3.5972500e+00
   3.6620390e+02   3.0390700e+00  -3.6001800e+00
   3.6576114e+02   3.0417000e+00  -3.6031200e+00
   3.6531944e+02   3.0443300e+00  -3.6060500e+00
   3.6487881e+02   3.0469600e+00  -3.6089700e+00
   3.6443924e+02   3.0495900e+00  -3.6119000e+00
   3.6400073e+02   3.0522100e+00  -3.6148200e+00
   3.6356327e+02   3.0548400e+00  -3.6177400e+00
   3.6312687e+02   3.0574600e+00  -3.6206600e+00
   3.6269151e+02   3.0600700e+00  -3.6235800e+00
   3.6225719e+02   3.0626900e+00  -3.6264900e+00
   3.6182391e+02   3.0653000e+00  -3.6294000e+00
   3.6139167e+02   3.0679100e+00  -3.6323100e+00
   3.6096046e+02   3.0705200e+00  -3.6352200e+00
   3.6053027e+02   3.0731300e+00  -3.6381300e+00
   3.6010111e+02   3.0757300e+00  -3.6410300e+00
   3.5967297e+02   3.0783300e+00  -3.6439300e+00
   3.5924585e+02   3.0809300e+00  -3.6468300e+00
   3.5882017e+02   3.0835300e+00  -3.6497200e+00
   3.5839507e+02   3.0861300e+00  -3.6526100e+00
   3.5797097e+02   3.0887200e+00  -3.6555100e+00
   3.5754788e+02   3.0913100e+00  -3.6583900e+00
   3.5712579e+02   3.0939000e+00  -3.6612800e+00
   3.5670469e+02   3.0964900e+00  -3.6641600e+00
   3.5628459e+02   3.0990700e+00  -3.6670500e+00
   3.5586547e+02   3.1016500e+00  -3.6699300e+00
   3.5544734e+02   3.1042300e+00  -3.6728000e+00
   3.5503018e+02   3.1068100e+00  -3.6756800e+00
   3.5461401e+02   3.1093900e+00  -3.6785500e+00
   3.5419881e+02   3.1119600e+00  -3.6814200e+00
   3.5378458e+02   3.1145300e+00  -3.6842900e+00
   3.5337133e+02   3.1171000e+00  -3.6871600e+00
   3.5295903e+02   3.1196700e+00  -3.6900200e+00
   3.5254770e+02   3.1222300e+00  -3.6928800e+00
   3.5213732e+02   3.1248000e+00  -3.6957400e+00
   3.5172790e+02   3.1273600e+00  -3.6986000e+00
   3.5131942e+02   3.1299200e+00  -3.7014500e+00
   3.5091190e+02   3.1324800e+00  -3.7043100e+00
   3.5050532e+02   3.1350300e+00  -3.7071600e+00
   3.5009968e+02   3.1375800e+00  -3.7100000e+00
   3.4969498e+02   3.1401300e+00  -3.7128500e+00
   3.4929121e+02   3.1426800e+00  -3.7156900e+00
   3.4888838e+02   3.1452300e+00  -3.7185400e+00
   3.4848647e+02   3.1477700e+00  -3.7213800e+00
   3.4808549e+02   3.1503200e+00  -3.7242100e+00
   3.4768543e+02   3.1528600e+00  -3.7270500e+00
   3.4728629e+02   3.1554000e+00  -3.7298800e+00
   3.4688806e+02   3.1579300e+00  -3.7327100e+00
   3.4649075e+02   3.1604700e+00  -3.7355400e+00
   3.4609434e+02   3.1630000e+00  -3.7383700e+00
   3.4569884e+02   3.1655300e+00  -3.7411900e+00
   3.4530425e+02   3.1680600e+00  -3.7440200e+00
   3.4491055e+02   3.1705800e+00  -3.7468400e+00
   3.4451775e+02   3.1731100e+00  -3.7496600e+00
   3.4412585e+02   3.1756300e+00  -3.7524700e+00
   3.4373483e+02   3.1781500e+00  -3.7552900e+00
   3.4334470e+02   3.1806700e+00  -3.7581000e+00
   3.4295546e+02   3.1831900e+00  -3.7609100e+00
   3.4256710e+02   3.1857000e+00  -3.7637200e+00
   3.4217962e+02   3.1882100e+00  -3.7665200e+00
   3.4179301e+02   3.1907200e+00  -3.7693300e+00
   3.4140727e+02   3.1932300e+00  -3.7721300e+00
   3.4102241e+02   3.1957400e+00  -3.7749300e+00
   3.4063841e+02   3.1982400e+00  -3.7777200e+00
   3.4025528e+02   3.2007400e+00  -3.7805200e+00
   3.3987300e+02   3.2032400e+00  -3.7833100e+00
   3.3949159e+02   3.2057400e+00  -3.7861000e+00
   3.3911102e+02   3.2082400e+00  -3.7888900e+00
   3.3873132e+02   3.2107300e+00  -3.7916800e+00
   3.3835246e+02   3.2132300e+00  -3.7944600e+00
   3.3797444e+02   3.2157200e+00  -3.7972500e+00
   3.3759728e+02   3.2182100e+00  -3.8000300e+00
   3.3722095e+02   3.2206900e+00  -3.8028100e+00
   3.3684546e+02   3.2231800e+00  -3.8055800e+00
   3.3647080e+02   3.2256600e+00  -3.8083600e+00
   3.3609698e+02   3.2281400e+00  -3.8111300e+00
   3.3572399e+02   3.2306200e+00  -3.8139000e+00
   3.3535182e+02   3.2331000e+00  -3.8166700e+00
   3.3498048e+02   3.2355800e+00  -3.8194400e+00
   3.3460996e+02   3.2380500e+00  -3.8222000e+00
   3.3424026e+02   3.2405200e+00  -3.8249700e+00
   3.3387138e+02   3.2429900e+00  -3.8277300e+00
   3.3350331e+02   3.2454600e+00  -3.8304900e+00
   3.3313604e+02   3.2479300e+00  -3.8332400e+00
   3.3276959e+02   3.2503900e+00  -3.8360000e+00
   3.3240394e+02   3.2528500e+00  -3.8387500e+00
   3.3203910e+02   3.2553100e+00  -3.8415000e+00
   3.3167505e+02   3.2577700e+00  -3.8442500e+00
   3.3131181e+02   3.2602300e+00  -3.8470000e+00
   3.3094935e+02   3.2626800e+00  -3.8497400e+00
   3.3058769e+02   3.2651400e+00  -3.8524900e+00
   3.3022682e+02   3.2675900e+00  -3.8552300e+00
   3.2986674e+02   3.2700400e+00  -3.8579700e+00
   3.2950744e+02   3.2724900e+00  -3.8607000e+00
   3.2914892e+02   3.2749300e+00  -3.8634400e+00
   3.2879118e+02   3.2773800e+00  -3.8661700e+00
   3.2843422e+02   3.2798200e+00  -3.8689100e+00
   3.2807803e+02   3.2822600e+00  -3.8716300e+00
   3.2772262e+02   3.2847000e+00  -3.8743600e+00
   3.2736797e+02   3.2871300e+00  -3.8770900e+00
   3.2701409e+02   3.2895700e+00  -3.8798100e+00
   3.2666098e+02   3.2920000e+00  -3.8825300e+00
   3.2630862e+02   3.2944300e+00  -3.8852500e+00
   3.2595703e+02   3.2968600e+00  -3.8879700e+00
   3.2560619e+02   3.2992900e+00  -3.8906900e+00
   3.2525611e+02   3.3017200e+00  -3.8934000e+00
   3.2490678e+02   3.3041400e+00  -3.8961200e+00
   3.2455820e+02   3.3065600e+00  -3.8988300e+00
   3.2421036e+02   3.3089900e+00  -3.9015300e+00
   3.2386327e+02   3.3114000e+00  -3.9042400e+00
   3.2351692e+02   3.3138200e+00  -3.9069500e+00
   3.2317132e+02   3.3162400e+00  -3.9096500e+00
   3.2282645e+02   3.3186500e+00  -3.9123500e+00
   3.2248231e+02   3.3210600e+00  -3.9150500e+00
   3.2213891e+02   3.3234700e+00  -3.9177500e+00
   3.2179624e+02   3.3258800e+00  -3.9204400e+00
   3.2145430e+02   3.3282900e+00  -3.9231400e+00
   3.2111308e+02   3.3306900e+00  -3.9258300e+00
   3.2077259e+02   3.3331000e+00  -3.9285200e+00
   3.2043282e+02   3.3355000e+00  -3.9312100e+00
   3.2009376e+02   3.3379000e+00  -3.9338900e+00
   3.1975543e+02   3.3403000e+00  -3.9365800e+00
   3.1941781e+02   3.3426900e+00  -3.9392600e+00
   3.1908090e+02   3.3450900e+00  -3.9419400e+00
   3.1874470e+02   3.3474800e+00  -3.9446200e+00
   3.1840921e+02   3.3498700e+00  -3.9473000e+00
   3.1807442e+02   3.3522600e+00  -3.9499700e+00
   3.1774034e+02   3.3546500e+00  -3.9526500e+00
   3.1740696e+02   3.3570300e+00  -3.9553200e+00
   3.1707461e+02   3.3594200e+00  -3.9579900e+00
   3.1674262e+02   3.3618000e+00  -3.9606600e+00
   3.1641133e+02   3.3641800e+00  -3.9633200e+00
   3.1608073e+02   3.3665600e+00  -3.9659900e+00
   3.1575082e+02   3.3689400e+00  -3.9686500e+00
   3.1542160e+02   3.3713200e+00  -3.9713100e+00
   3.1509306e+02   3.3736900e+00  -3.9739700e+00
   3.1476521e+02   3.3760600e+00  -3.9766300e+00
   3.1443804e+02   3.3784300e+00  -3.9792900e+00
   3.1411155e+02   3.3808000e+00  -3.9819400e+00
   3.1378573e+02   3.3831700e+00  -3.9845900e+00
   3.1346059e+02   3.3855400e+00  -3.9872400e+00
   3.1313613e+02   3.3879000e+00  -3.9898900e+00
   3.1281233e+02   3.3902600e+00  -3.9925400e+00
   3.1248921e+02   3.3926200e+00  -3.9951800e+00
   3.1216675e+02   3.3949800e+00  -3.9978300e+00
   3.1184495e+02   3.3973400e+00  -4.0004700e+00
   3.1152382e+02   3.3997000e+00  -4.0031100e+00
   3.1120335e+02   3.4020500e+00  -4.0057500e+00
   3.1088354e+02   3.4044100e+00  -4.0083800e+00
   3.1056438e+02   3.4067600e+00  -4.0110200e+00
   3.1024588e+02   3.4091100e+00  -4.0136500e+00
   3.0992803e+02   3.4114600e+00  -4.0162800e+00
   3.0961084e+02   3.4138000e+00  -4.0189100e+00
   3.0929429e+02   3.4161500e+00  -4.0215400e+00
   3.0897839e+02   3.4184900e+00  -4.0241700e+00
   3.0866313e+02   3.4208300e+00  -4.0267900e+00
   3.0834851e+02   3.4231700e+00  -4.0294100e+00
   3.0803454e+02   3.4255100e+00  -4.0320300e+00
   3.0772120e+02   3.4278500e+00  -4.0346500e+00
   3.0740850e+02   3.4301800e+00  -4.0372700e+00
   3.0709644e+02   3.4325200e+00  -4.0398900e+00
   3.0678501e+02   3.4348500e+00  -4.0425000e+00
   3.0647421e+02   3.4371800e+00  -4.0451100e+00
   3.0616404e+02   3.4395100e+00  -4.0477200e+00
   3.0585449e+02   3.4418300e+00  -4.0503300e+00
   3.0554558e+02   3.4441600e+00  -4.0529400e+00
   3.0523728e+02   3.4464800e+00  -4.0555500e+00
   3.0492961e+02   3.4488100e+00  -4.0581500e+00
   3.0462255e+02   3.4511300e+00  -4.0607500e+00
   3.0431612e+02   3.4534500e+00  -4.0633600e+00
   3.0401030e+02   3.4557700e+00  -4.0659500e+00
   3.0370509e+02   3.4580800e+00  -4.0685500e+00
   3.0340050e+02   3.4604000e+00  -4.0711500e+00
   3.0309651e+02   3.4627100e+00  -4.0737400e+00
   3.0279314e+02   3.4650200e+00  -4.0763300e+00
   3.0249037e+02   3.4673300e+00  -4.0789300e+00
   3.0218821e+02   3.4696400e+00  -4.0815100e+00
   3.0188665e+02   3.4719500e+00  -4.0841000e+00
   3.0158569e+02   3.4742500e+00  -4.0866900e+00
   3.0128533e+02   3.4765600e+00  -4.0892700e+00
   3.0098556e+02   3.4788600e+00  -4.0918600e+00
   3.0068640e+02   3.4811600e+00  -4.0944400e+00
   3.0038783e+02   3.4834600e+00  -4.0970200e+00
   3.0008985e+02   3.4857600e+00  -4.0995900e+00
   2.9979246e+02   3.4880600e+00  -4.1021700e+00
20010 0.252092 14.3972
18341.7 0.217429 13.4984
16930.1 0.178732 12.5354
15720.3 0.147046 11.5934
14671.8 0.137809 10.7872
13754.5 0.126783 9.99378
12945.1 0.110206 9.45707
12225.7 0.0919689 8.88803
11582 0.0702781 8.40768
11002.7 0.0460139 7.91349
10478.7 0.0399473 7.51477
10002.2 0.0399644 7.13402
9567.23 0.03996 6.81003
9168.49 0.0399552 6.51566
8801.66 0.0399766 6.22387
8463.06 0.0399548 5.95217
8149.54 0.0391685 5.68555
7858.42 0.0349618 5.47894
7587.38 0.0304723 5.26423
7334.42 0.034001 5.07537
7097.78 0.0388262 4.88329
6875.93 0.0434136 4.71271
6667.53 0.0481831 4.54482
6471.39 0.0525977 4.39352
6286.46 0.0569194 4.25014
6111.81 0.0585034 4.10719
5946.6 0.0538699 3.97024
5790.08 0.0508238 3.83453
5641.6 0.0550084 3.71828
5500.53 0.0595249 3.5983
5366.36 0.0559208 3.47773
5238.57 0.0511385 3.35324
5116.72 0.0499707 3.2423
5000.42 0.049981 3.13309
4889.28 0.0499726 3.03235
4782.98 0.0499701 2.93532
4681.2 0.0485067 2.83667
4583.66 0.0438787 2.73796
4490.11 0.0399911 2.64015
4400.29 0.039971 2.55686
4314 0.0399948 2.47078
4231.03 0.0440029 2.38473
4151.19 0.0488309 2.29584
4074.31 0.04995 2.20296
4000.22 0.0499669 2.10586
3928.78 0.0499475 2.01476
3859.85 0.0499413 1.92559
3793.29 0.0528103 1.83288
3728.99 0.0618899 1.73695
3666.84 0.0722741 1.63702
3606.72 0.0842917 1.53691
3548.54 0.0984463 1.43005
3492.21 0.114248 1.30861
3437.64 0.134469 1.17463
3384.75 0.147285 1.03888
3333.46 0.162164 0.888666
3283.7 0.293127 0.64867
3235.41 0.603258 0.442117
3188.51 0.868192 0.434628
3142.96 1.02238 0.543007
3098.69 1.14905 0.652431
3055.65 1.24121 0.812074
3013.78 1.33128 0.951141
2973.05 1.35998 1.05007
2933.41 1.38424 1.14095
2894.81 1.39694 1.19898
2857.21 1.40647 1.24711
2820.58 1.40982 1.28285
2784.87 1.40983 1.3119
2750.06 1.40517 1.33745
2716.1 1.39102 1.35668
2682.98 1.37729 1.37333
2650.65 1.36427 1.37979
2619.09 1.35128 1.38635
2588.28 1.34153 1.38951
2558.18 1.33214 1.39235
2528.77 1.32276 1.39154
2500.03 1.31336 1.38966
2471.94 1.30722 1.38594
2444.47 1.30288 1.38117
2417.61 1.29685 1.37626
2391.33 1.28747 1.37109
2365.62 1.28 1.3661
2340.45 1.28 1.36176
2315.81 1.28 1.35742
2291.69 1.27156 1.3515
2268.06 1.26214 1.34539
2244.91 1.25637 1.34327
2222.24 1.25167 1.34233
2200.01 1.24166 1.3403
2178.23 1.22866 1.3377
2156.87 1.21684 1.33426
2135.93 1.20746 1.32909
2115.39 1.1982 1.32382
2095.24 1.18955 1.3182
2075.48 1.18085 1.31255
2056.08 1.16735 1.30522
2037.04 1.15321 1.2977
2018.35 1.14637 1.28912
2000 1.14167 1.28018
