20010 2.10533 20.7556
18341.7 1.8666 18.9972
16930.1 1.67972 17.4975
15720.3 1.53141 16.1993
14671.8 1.41328 15.06
13754.5 1.32034 14.0468
12945.1 1.25037 13.1339
12225.7 1.20381 12.3004
11582 1.18425 11.5294
11002.7 1.19952 10.8073
10478.7 1.26343 10.1261
10002.2 1.39736 9.48782
9567.23 1.62757 8.91569
9168.49 1.96654 8.46875
8801.66 2.36667 8.23308
8463.06 2.69166 8.24397
8149.54 2.8057 8.40273
7858.42 2.70079 8.54537
7587.38 2.47294 8.57866
7334.42 2.2165 8.5015
7097.78 1.98031 8.34977
6875.93 1.77911 8.15771
6667.53 1.61228 7.94814
6471.39 1.47448 7.73428
6286.46 1.35991 7.52322
6111.81 1.26361 7.31858
5946.6 1.18165 7.12199
5790.08 1.11103 6.93407
5641.6 1.04948 6.75484
5500.53 0.995239 6.58406
5366.36 0.946988 6.42132
5238.57 0.903689 6.26616
5116.72 0.864534 6.11813
5000.42 0.828883 5.97675
4889.28 0.796225 5.84159
4782.98 0.766147 5.71223
4681.2 0.738313 5.5883
4583.66 0.712444 5.46943
4490.11 0.688311 5.3553
4400.29 0.665722 5.24562
4314 0.644512 5.1401
4231.03 0.624543 5.03849
4151.19 0.605697 4.94056
4074.31 0.587871 4.8461
4000.22 0.570977 4.75491
3928.78 0.554936 4.6668
3859.85 0.53968 4.5816
3793.29 0.525149 4.49916
3728.99 0.511289 4.41933
3666.84 0.498054 4.34199
3606.72 0.485399 4.26699
3548.54 0.473287 4.19423
3492.21 0.461683 4.12359
3437.64 0.450555 4.05498
3384.75 0.439875 3.9883
3333.46 0.429616 3.92346
3283.7 0.419756 3.86038
3235.41 0.410271 3.79897
3188.51 0.401141 3.73917
3142.96 0.392348 3.6809
3098.69 0.383875 3.62411
3055.65 0.375705 3.56872
3013.78 0.367824 3.51468
2973.05 0.360218 3.46193
2933.41 0.352874 3.41043
2894.81 0.345779 3.36012
2857.21 0.338923 3.31096
2820.58 0.332295 3.26291
2784.87 0.325884 3.21591
2750.06 0.319682 3.16994
2716.1 0.31368 3.12494
2682.98 0.307869 3.0809
2650.65 0.302241 3.03777
2619.09 0.29679 2.99552
2588.28 0.291508 2.95412
2558.18 0.286388 2.91354
2528.77 0.281425 2.87375
2500.03 0.276611 2.83472
2471.94 0.271943 2.79644
2444.47 0.267413 2.75886
2417.61 0.263018 2.72198
2391.33 0.258752 2.68576
2365.62 0.254611 2.65019
2340.45 0.25059 2.61525
2315.81 0.246685 2.5809
2291.69 0.242892 2.54715
2268.06 0.239208 2.51396
2244.91 0.235628 2.48132
2222.24 0.232149 2.44921
2200.01 0.228769 2.41761
2178.23 0.225483 2.38652
2156.87 0.222289 2.35591
2135.93 0.219184 2.32577
2115.39 0.216165 2.29609
2095.24 0.213229 2.26685
2075.48 0.210375 2.23803
2056.08 0.207599 2.20964
2037.04 0.2049 2.18164
2018.35 0.202274 2.15404
2000 0.199721 2.12682
