20010 2.15159 20.709
18341.7 1.87911 19.0391
16930.1 1.65578 17.535
15720.3 1.47491 16.2538
14671.8 1.34035 15.0034
13754.5 1.25899 13.9742
12945.1 1.22682 13.0942
12225.7 1.20976 12.2886
11582 1.20563 11.5573
11002.7 1.20476 10.8834
10478.7 1.24189 10.2077
10002.2 1.34934 9.58298
9567.23 1.56168 8.99515
9168.49 1.87633 8.42828
8801.66 2.3113 8.19441
8463.06 2.63023 8.23387
8149.54 2.76975 8.36528
7858.42 2.70509 8.53288
7587.38 2.48022 8.61303
7334.42 2.19358 8.57971
7097.78 1.92481 8.40136
6875.93 1.73132 8.19746
6667.53 1.57926 7.97388
6471.39 1.45436 7.76246
6286.46 1.35049 7.57499
6111.81 1.25467 7.3833
5946.6 1.17254 7.19944
5790.08 1.09221 7.02598
5641.6 1.02267 6.85661
5500.53 0.958268 6.69054
5366.36 0.902639 6.52282
5238.57 0.853397 6.37335
5116.72 0.808974 6.21998
5000.42 0.769139 6.08049
4889.28 0.733935 5.94868
4782.98 0.699706 5.81786
4681.2 0.670552 5.694
4583.66 0.641718 5.5703
4490.11 0.615319 5.45789
4400.29 0.59111 5.34877
4314 0.568667 5.24769
4231.03 0.547602 5.14622
4151.19 0.527722 5.04411
4074.31 0.5089 4.95131
4000.22 0.490058 4.86028
3928.78 0.473317 4.77628
3859.85 0.456573 4.69151
3793.29 0.440944 4.60765
3728.99 0.425876 4.52797
3666.84 0.411703 4.4543
3606.72 0.398824 4.38147
3548.54 0.386438 4.30844
3492.21 0.373506 4.23046
3437.64 0.362691 4.16275
3384.75 0.35148 4.10095
3333.46 0.340545 4.03877
3283.7 0.330389 3.97668
3235.41 0.320906 3.91483
3188.51 0.311888 3.85291
3142.96 0.302878 3.79532
3098.69 0.293777 3.73837
3055.65 0.286274 3.68395
3013.78 0.278609 3.62871
2973.05 0.27129 3.57845
2933.41 0.264084 3.53045
2894.81 0.257488 3.48334
2857.21 0.251321 3.43673
2820.58 0.24503 3.38949
2784.87 0.238609 3.34158
2750.06 0.232255 3.29402
2716.1 0.227008 3.25208
2682.98 0.221662 3.20959
2650.65 0.216211 3.16654
2619.09 0.210649 3.12289
2588.28 0.206057 3.08341
2558.18 0.201835 3.04543
2528.77 0.197537 3.00697
2500.03 0.193161 2.96801
2471.94 0.188867 2.93045
2444.47 0.184905 2.89716
2417.61 0.180876 2.86349
2391.33 0.176775 2.82943
2365.62 0.172601 2.79494
2340.45 0.168838 2.7618
2315.81 0.16509 2.72856
2291.69 0.161275 2.69491
2268.06 0.157388 2.66083
2244.91 0.153794 2.62868
2222.24 0.150708 2.59982
2200.01 0.147571 2.57063
2178.23 0.144381 2.54111
2156.87 0.141135 2.51124
2135.93 0.13869 2.48461
2115.39 0.136245 2.45784
2095.24 0.133763 2.43078
2075.48 0.131241 2.40342
2056.08 0.128754 2.37742
2037.04 0.126301 2.35274
2018.35 0.12381 2.3278
2000 0.12128 2.30259
