20010 1.09259 12.1582
18341.7 0.926204 11.1615
16930.1 0.79489 10.3108
15720.3 0.689562 9.57654
14671.8 0.603861 8.93623
13754.5 0.533238 8.37293
12945.1 0.474381 7.87349
12225.7 0.424832 7.42756
11582 0.382739 7.02691
11002.7 0.346686 6.66489
10478.7 0.315577 6.33609
10002.2 0.288553 6.03607
9567.23 0.264931 5.76113
9168.49 0.244167 5.50818
8801.66 0.225821 5.27462
8463.06 0.209532 5.05823
8149.54 0.195007 4.85713
7858.42 0.182 4.66968
7587.38 0.17031 4.49449
7334.42 0.159765 4.33034
7097.78 0.150222 4.17616
6875.93 0.141559 4.03103
6667.53 0.133672 3.89411
6471.39 0.126473 3.76469
6286.46 0.119884 3.64212
6111.81 0.11384 3.52582
5946.6 0.108284 3.41529
5790.08 0.103164 3.31007
5641.6 0.0984388 3.20974
5500.53 0.0940686 3.11393
5366.36 0.0900201 3.02231
5238.57 0.0862635 2.93457
5116.72 0.0827725 2.85043
5000.42 0.0795238 2.76965
4889.28 0.0764965 2.69199
4782.98 0.0736722 2.61723
4681.2 0.0710342 2.5452
4583.66 0.0685678 2.4757
4490.11 0.0662595 2.40858
4400.29 0.0640975 2.34368
4314 0.0620709 2.28086
4231.03 0.06017 2.22
4151.19 0.0583861 2.16098
4074.31 0.0567112 2.10367
4000.22 0.0551382 2.04798
3928.78 0.0536606 1.99381
3859.85 0.0522725 1.94107
3793.29 0.0509687 1.88966
3728.99 0.0497443 1.83951
3666.84 0.0485951 1.79055
3606.72 0.0475172 1.74269
3548.54 0.046507 1.69587
3492.21 0.0455616 1.65003
3437.64 0.0446782 1.6051
3384.75 0.0438544 1.56101
3333.46 0.0430882 1.51772
3283.7 0.0423778 1.47516
3235.41 0.0417218 1.43329
3188.51 0.0411192 1.39204
3142.96 0.040569 1.35136
3098.69 0.0400711 1.31121
3055.65 0.0396252 1.27153
3013.78 0.0392319 1.23226
2973.05 0.0388918 1.19336
2933.41 0.0386063 1.15478
2894.81 0.0383773 1.11645
2857.21 0.0382074 1.07832
2820.58 0.0381 1.04034
2784.87 0.0380594 1.00242
2750.06 0.0380913 0.964519
2716.1 0.0382028 0.926546
2682.98 0.0384032 0.888423
2650.65 0.0387042 0.850055
2619.09 0.0391211 0.811337
2588.28 0.0396738 0.772146
2558.18 0.0403891 0.732336
2528.77 0.0413031 0.691733
2500.03 0.0424665 0.65012
2471.94 0.0439518 0.607225
2444.47 0.0458677 0.562692
2417.61 0.0483842 0.516043
2391.33 0.0517856 0.466604
2365.62 0.0565881 0.413385
2340.45 0.0638442 0.354838
2315.81 0.0760818 0.288464
2291.69 0.10077 0.211058
2268.06 0.15684 0.131457
2244.91 0.234568 0.0852345
2222.24 0.301839 0.0642522
2200.01 0.357491 0.0526392
2178.23 0.404957 0.0451031
2156.87 0.44652 0.039714
2135.93 0.483611 0.0356109
2115.39 0.517173 0.032349
2095.24 0.547861 0.0296731
2075.48 0.576149 0.0274255
2056.08 0.602395 0.0255023
2037.04 0.626876 0.0238321
2018.35 0.649812 0.0223642
2000 0.671382 0.0210609
