20010 0.850736 12.6064
18341.7 0.737694 11.5828
16930.1 0.650413 10.7487
15720.3 0.57248 9.97256
14671.8 0.509462 9.30692
13754.5 0.45259 8.75576
12945.1 0.405071 8.27191
12225.7 0.36397 8.65552
11582 0.330659 8.1873
11002.7 0.301829 7.70983
10478.7 0.279197 7.22351
10002.2 0.257956 6.83981
9567.23 0.236618 6.49579
9168.49 0.222276 6.16866
8801.66 0.208185 5.83924
8463.06 0.195957 5.56616
8149.54 0.185081 5.28096
7858.42 0.177201 4.98287
7587.38 0.170611 4.69249
7334.42 0.164964 4.40151
7097.78 0.1619 4.1019
6875.93 0.160086 3.78114
6667.53 0.162595 3.42736
6471.39 0.170274 3.12646
6286.46 0.185906 3.04235
6111.81 0.205996 2.99994
5946.6 0.229681 2.99996
5790.08 0.264243 2.95068
5641.6 0.304405 2.88265
5500.53 0.354436 2.70017
5366.36 0.420128 2.49764
5238.57 0.530124 2.26372
5116.72 0.672549 2.05254
5000.42 0.846389 1.8945
4889.28 1.03414 1.8185
4782.98 1.2177 1.79769
4681.2 1.33338 1.81953
4583.66 1.4329 1.84883
4490.11 1.5104 1.88144
4400.29 1.57144 1.91037
4314 1.60128 1.93063
4231.03 1.62138 1.94546
4151.19 1.63324 1.95563
4074.31 1.64554 1.95711
4000.22 1.65796 1.956
3928.78 1.66696 1.94475
3859.85 1.67672 1.93224
3793.29 1.68903 1.9154
3728.99 1.70089 1.89479
3666.84 1.71223 1.86931
3606.72 1.72503 1.85531
3548.54 1.73846 1.84695
3492.21 1.74802 1.84549
3437.64 1.75883 1.846
3384.75 1.78258 1.85445
3333.46 1.8031 1.86352
3283.7 1.81779 1.87369
3235.41 1.82918 1.88643
3188.51 1.83815 1.901
3142.96 1.83549 1.90939
3098.69 1.8297 1.91607
3055.65 1.81961 1.9183
3013.78 1.80702 1.9197
2973.05 1.78675 1.91856
2933.41 1.76705 1.91324
2894.81 1.74797 1.90315
2857.21 1.72179 1.89293
2820.58 1.69213 1.88273
2784.87 1.66827 1.86645
2750.06 1.64401 1.84959
2716.1 1.61599 1.83274
2682.98 1.58735 1.81418
2650.65 1.55787 1.79264
2619.09 1.53188 1.77187
2588.28 1.50816 1.75155
2558.18 1.49749 1.72499
2528.77 1.48938 1.69653
2500.03 1.47456 1.66139
2471.94 1.46619 1.62858
2444.47 1.47399 1.60286
2417.61 1.47573 1.57884
2391.33 1.47125 1.55639
2365.62 1.46274 1.53395
2340.45 1.45259 1.51133
2315.81 1.45302 1.49293
2291.69 1.45378 1.47438
2268.06 1.45263 1.45425
2244.91 1.44976 1.43665
2222.24 1.44409 1.42304
2200.01 1.44056 1.40741
2178.23 1.43833 1.39054
2156.87 1.43507 1.37638
2135.93 1.43188 1.36236
2115.39 1.43075 1.34584
2095.24 1.42869 1.32949
2075.48 1.42418 1.31372
2056.08 1.42251 1.29285
2037.04 1.42372 1.2671
2018.35 1.42521 1.24115
2000 1.427 1.215
