10000 0.640759 6.68953
9985.01 0.638817 6.67769
9970.06 0.636882 6.66588
9955.16 0.634954 6.65412
9940.3 0.633031 6.64239
9925.48 0.631115 6.63069
9910.71 0.629206 6.61903
9895.99 0.627302 6.6074
9881.31 0.625404 6.59581
9866.67 0.623513 6.58426
9852.07 0.621627 6.57274
9837.52 0.619747 6.56125
9823.01 0.617874 6.5498
9808.54 0.616006 6.53838
9794.12 0.614143 6.52699
9779.74 0.612287 6.51564
9765.4 0.610436 6.50432
9751.1 0.60859 6.49304
9736.84 0.60675 6.48179
9722.63 0.604916 6.47057
9708.45 0.603087 6.45938
9694.32 0.601263 6.44822
9680.23 0.599444 6.4371
9666.18 0.597631 6.42601
9652.17 0.595823 6.41495
9638.21 0.59402 6.40393
9624.28 0.592222 6.39293
9610.39 0.59043 6.38197
9596.54 0.588642 6.37103
9582.73 0.586859 6.36013
9568.97 0.585081 6.34926
9555.24 0.583307 6.33842
9541.55 0.581539 6.32761
9527.9 0.579775 6.31683
9514.29 0.578016 6.30607
9500.71 0.576262 6.29535
9487.18 0.574512 6.28466
9473.68 0.572766 6.274
9460.23 0.571025 6.26337
9446.81 0.569289 6.25276
9433.43 0.567557 6.24219
9420.08 0.565829 6.23164
9406.78 0.564105 6.22113
9393.51 0.562386 6.21064
9380.28 0.560671 6.20018
9367.09 0.55896 6.18974
9353.93 0.557253 6.17934
9340.81 0.55555 6.16896
9327.73 0.553851 6.15861
9314.69 0.552157 6.14829
9301.68 0.550466 6.138
9288.7 0.548779 6.12773
9275.77 0.547095 6.11749
9262.87 0.545416 6.10728
9250 0.54374 6.09709
9237.17 0.542068 6.08693
9224.38 0.5404 6.0768
9211.62 0.538735 6.06669
9198.9 0.537074 6.05661
9186.21 0.535417 6.04655
9173.55 0.533763 6.03652
9160.94 0.532112 6.02652
9148.35 0.530465 6.01654
9135.8 0.528821 6.00658
9123.29 0.527181 5.99665
9110.81 0.525543 5.98675
9098.36 0.52391 5.97687
9085.95 0.522279 5.96701
9073.57 0.520651 5.95718
9061.22 0.519027 5.94738
9048.91 0.517406 5.9376
9036.64 0.515788 5.92784
9024.39 0.514172 5.9181
9012.18 0.51256 5.90839
9000 0.510951 5.89871
8987.85 0.509345 5.88904
8975.74 0.507741 5.8794
8963.66 0.506141 5.86979
8951.61 0.504543 5.86019
8939.6 0.502948 5.85062
8927.61 0.501356 5.84107
8915.66 0.499767 5.83155
8903.74 0.49818 5.82204
8891.86 0.496596 5.81256
8880 0.495014 5.8031
8868.18 0.493435 5.79367
8856.38 0.491859 5.78425
8844.62 0.490285 5.77486
8832.89 0.488714 5.76548
8821.19 0.487145 5.75613
8809.52 0.485578 5.7468
8797.89 0.484014 5.7375
8786.28 0.482452 5.72821
8774.7 0.480893 5.71894
8763.16 0.479335 5.7097
8751.64 0.47778 5.70047
8740.16 0.476228 5.69127
8728.7 0.474677 5.68208
8717.28 0.473129 5.67292
8705.88 0.471583 5.66378
8694.52 0.470038 5.65465
8683.18 0.468496 5.64555
8671.88 0.466956 5.63646
8660.6 0.465418 5.6274
8649.35 0.463882 5.61835
8638.13 0.462348 5.60932
8626.94 0.460816 5.60032
8615.78 0.459286 5.59133
8604.65 0.457758 5.58236
8593.55 0.456231 5.57341
8582.47 0.454707 5.56447
8571.43 0.453184 5.55556
8560.41 0.451663 5.54666
8549.42 0.450144 5.53778
8538.46 0.448626 5.52892
8527.53 0.44711 5.52008
8516.62 0.445596 5.51126
8505.75 0.444084 5.50245
8494.9 0.442573 5.49366
8484.08 0.441064 5.48489
8473.28 0.439556 5.47614
8462.52 0.43805 5.4674
8451.78 0.436545 5.45868
8441.06 0.435042 5.44997
8430.38 0.433541 5.44129
8419.72 0.43204 5.43262
8409.09 0.430542 5.42396
8398.49 0.429044 5.41532
8387.91 0.427549 5.4067
8377.36 0.426054 5.3981
8366.83 0.424561 5.38951
8356.34 0.423069 5.38093
8345.86 0.421579 5.37237
8335.42 0.42009 5.36383
8325 0.418602 5.3553
8314.61 0.417115 5.34679
8304.24 0.41563 5.3383
8293.9 0.414146 5.32981
8283.58 0.412663 5.32135
8273.29 0.411181 5.31289
8263.03 0.4097 5.30446
8252.79 0.408221 5.29603
8242.57 0.406743 5.28762
8232.39 0.405266 5.27923
8222.22 0.40379 5.27085
8212.08 0.402315 5.26248
8201.97 0.400841 5.25413
8191.88 0.399368 5.24579
8181.82 0.397896 5.23746
8171.78 0.396426 5.22915
8161.76 0.394956 5.22085
8151.77 0.393487 5.21257
8141.81 0.39202 5.2043
8131.87 0.390553 5.19604
8121.95 0.389087 5.18779
8112.06 0.387623 5.17955
8102.19 0.386159 5.17133
8092.35 0.384696 5.16312
8082.52 0.383234 5.15493
8072.73 0.381773 5.14674
8062.95 0.380313 5.13857
8053.2 0.378854 5.13041
8043.48 0.377396 5.12226
8033.78 0.375938 5.11412
8024.1 0.374482 5.106
8014.44 0.373026 5.09788
8004.81 0.371571 5.08978
7995.2 0.370117 5.08169
7985.61 0.368664 5.0736
7976.05 0.367212 5.06553
7966.51 0.365761 5.05747
7956.99 0.36431 5.04942
7947.49 0.362861 5.04139
7938.02 0.361412 5.03336
7928.57 0.359964 5.02534
7919.14 0.358517 5.01733
7909.74 0.35707 5.00933
7900.36 0.355625 5.00134
7891 0.35418 4.99336
7881.66 0.352736 4.98539
7872.34 0.351294 4.97743
7863.05 0.349851 4.96948
7853.77 0.34841 4.96154
7844.52 0.34697 4.95361
7835.29 0.34553 4.94568
7826.09 0.344091 4.93777
7816.9 0.342654 4.92986
7807.74 0.341217 4.92196
7798.59 0.33978 4.91407
7789.47 0.338345 4.90619
7780.37 0.336911 4.89832
7771.3 0.335477 4.89045
7762.24 0.334045 4.88259
7753.2 0.332613 4.87474
7744.19 0.331183 4.8669
7735.19 0.329753 4.85906
7726.22 0.328324 4.85123
7717.27 0.326896 4.84341
7708.33 0.325469 4.83559
7699.42 0.324044 4.82779
7690.53 0.322619 4.81998
7681.66 0.321195 4.81219
7672.81 0.319772 4.8044
7663.98 0.318351 4.79662
7655.17 0.31693 4.78884
7646.38 0.315511 4.78107
7637.61 0.314092 4.7733
7628.87 0.312675 4.76554
7620.14 0.311259 4.75779
7611.43 0.309845 4.75004
7602.74 0.308431 4.74229
7594.07 0.307019 4.73456
7585.42 0.305608 4.72682
7576.79 0.304198 4.71909
7568.18 0.30279 4.71137
7559.59 0.301383 4.70365
7551.02 0.299978 4.69593
7542.47 0.298574 4.68822
7533.94 0.297171 4.68051
7525.42 0.29577 4.67281
7516.93 0.294371 4.66511
7508.46 0.292973 4.65741
7500 0.291577 4.64972
7491.56 0.290182 4.64202
7483.15 0.288789 4.63434
7474.75 0.287398 4.62665
7466.37 0.286009 4.61897
7458.01 0.284622 4.61129
7449.66 0.283236 4.60361
7441.34 0.281853 4.59594
7433.04 0.280471 4.58827
7424.75 0.279092 4.5806
7416.48 0.277714 4.57293
7408.23 0.276339 4.56526
7400 0.274966 4.5576
7391.79 0.273596 4.54993
7383.59 0.272227 4.54227
7375.42 0.270862 4.53461
7367.26 0.269498 4.52694
7359.12 0.268137 4.51928
7350.99 0.266779 4.51162
7342.89 0.265424 4.50396
7334.8 0.264071 4.4963
7326.73 0.262721 4.48864
7318.68 0.261374 4.48099
7310.65 0.26003 4.47333
7302.63 0.258689 4.46566
7294.63 0.257351 4.458
7286.65 0.256016 4.45034
7278.69 0.254685 4.44268
7270.74 0.253357 4.43501
7262.81 0.252033 4.42735
7254.9 0.250712 4.41968
7247.01 0.249395 4.41201
7239.13 0.248081 4.40434
7231.27 0.246772 4.39667
7223.43 0.245466 4.389
7215.6 0.244165 4.38132
7207.79 0.242868 4.37364
7200 0.241575 4.36596
7192.22 0.240286 4.35828
7184.47 0.239002 4.35059
7176.72 0.237723 4.3429
7169 0.236448 4.3352
7161.29 0.235178 4.32751
7153.6 0.233914 4.3198
7145.92 0.232654 4.3121
7138.26 0.2314 4.30439
7130.62 0.230151 4.29668
7122.99 0.228907 4.28896
7115.38 0.227669 4.28124
7107.79 0.226438 4.27351
7100.21 0.225212 4.26578
7092.65 0.223992 4.25804
7085.11 0.222778 4.2503
7077.58 0.221571 4.24255
7070.06 0.22037 4.2348
7062.57 0.219176 4.22704
7055.08 0.217989 4.21927
7047.62 0.216809 4.2115
7040.17 0.215637 4.20372
7032.73 0.214471 4.19594
7025.32 0.213314 4.18815
7017.91 0.212164 4.18035
7010.53 0.211022 4.17255
7003.15 0.209888 4.16474
6995.8 0.208763 4.15692
6988.46 0.207646 4.14909
6981.13 0.206538 4.14126
6973.82 0.205439 4.13341
6966.53 0.204349 4.12556
6959.25 0.203268 4.11771
6951.98 0.202198 4.10984
6944.73 0.201136 4.10197
6937.5 0.200085 4.09408
6930.28 0.199045 4.08619
6923.08 0.198014 4.07829
6915.89 0.196995 4.07038
6908.71 0.195987 4.06246
6901.55 0.19499 4.05453
6894.41 0.194004 4.04659
6887.28 0.19303 4.03864
6880.17 0.192068 4.03068
6873.07 0.191119 4.02271
6865.98 0.190182 4.01473
6858.91 0.189258 4.00674
6851.85 0.188347 3.99874
6844.81 0.18745 3.99073
6837.78 0.186566 3.98271
6830.77 0.185697 3.97467
6823.77 0.184841 3.96663
6816.79 0.184001 3.95857
6809.82 0.183175 3.95051
6802.86 0.182365 3.94243
6795.92 0.181571 3.93434
6788.99 0.180792 3.92623
6782.08 0.18003 3.91812
6775.18 0.179284 3.90999
6768.29 0.178555 3.90185
6761.42 0.177844 3.8937
6754.56 0.17715 3.88554
6747.72 0.176475 3.87736
6740.89 0.175818 3.86917
6734.07 0.17518 3.86097
6727.27 0.174561 3.85276
6720.48 0.173962 3.84453
6713.71 0.173383 3.83629
6706.95 0.172824 3.82803
6700.2 0.172286 3.81977
6693.47 0.171769 3.81149
6686.75 0.171274 3.80319
6680.04 0.170801 3.79489
6673.35 0.170351 3.78656
6666.67 0.169924 3.77823
6660 0.16952 3.76988
6653.35 0.16914 3.76152
6646.71 0.168785 3.75315
6640.08 0.168454 3.74476
6633.47 0.168149 3.73635
6626.87 0.167869 3.72794
6620.28 0.167616 3.71951
6613.7 0.16739 3.71106
6607.14 0.167191 3.7026
6600.59 0.167019 3.69413
6594.06 0.166876 3.68565
6587.54 0.166762 3.67715
6581.03 0.166678 3.66863
6574.53 0.166623 3.66011
6568.05 0.166598 3.65157
6561.58 0.166605 3.64301
6555.12 0.166643 3.63444
6548.67 0.166713 3.62586
6542.24 0.166816 3.61727
6535.82 0.166953 3.60866
6529.41 0.167123 3.60004
6523.02 0.167327 3.59141
6516.63 0.167567 3.58276
6510.26 0.167842 3.5741
6503.91 0.168153 3.56543
6497.56 0.168501 3.55675
6491.23 0.168886 3.54805
6484.91 0.16931 3.53934
6478.6 0.169772 3.53062
6472.3 0.170273 3.52189
6466.02 0.170814 3.51315
6459.75 0.171396 3.5044
6453.49 0.172019 3.49563
6447.24 0.172684 3.48686
6441.01 0.173391 3.47807
6434.78 0.174142 3.46928
6428.57 0.174936 3.46047
6422.37 0.175774 3.45166
6416.18 0.176658 3.44284
6410.01 0.177587 3.434
6403.85 0.178563 3.42517
6397.69 0.179586 3.41632
6391.55 0.180657 3.40746
6385.43 0.181776 3.3986
6379.31 0.182944 3.38973
6373.21 0.184162 3.38086
6367.11 0.18543 3.37198
6361.03 0.186749 3.3631
6354.96 0.18812 3.35421
6348.9 0.189544 3.34532
6342.86 0.19102 3.33642
6336.82 0.19255 3.32753
6330.8 0.194135 3.31863
6324.79 0.195775 3.30973
6318.79 0.19747 3.30082
6312.8 0.199222 3.29192
6306.82 0.20103 3.28302
6300.85 0.202896 3.27412
6294.9 0.204821 3.26523
6288.95 0.206804 3.25633
6283.02 0.208847 3.24744
6277.1 0.21095 3.23856
6271.19 0.213113 3.22968
6265.29 0.215338 3.2208
6259.4 0.217625 3.21193
6253.52 0.219974 3.20308
6247.65 0.222386 3.19423
6241.8 0.224861 3.18539
6235.96 0.227401 3.17656
6230.12 0.230004 3.16774
6224.3 0.232673 3.15894
6218.49 0.235408 3.15015
6212.69 0.238208 3.14138
6206.9 0.241075 3.13262
6201.12 0.244008 3.12388
6195.35 0.247008 3.11516
6189.59 0.250077 3.10645
6183.84 0.253213 3.09777
6178.11 0.256417 3.08911
6172.38 0.25969 3.08048
6166.67 0.263032 3.07187
6160.96 0.266442 3.06328
6155.27 0.269922 3.05473
6149.58 0.273472 3.0462
6143.91 0.277091 3.0377
6138.25 0.280781 3.02923
6132.6 0.28454 3.0208
6126.95 0.288369 3.0124
6121.32 0.292268 3.00403
6115.7 0.296237 2.9957
6110.09 0.300276 2.98742
6104.49 0.304386 2.97917
6098.9 0.308565 2.97096
6093.32 0.312814 2.96279
6087.75 0.317132 2.95467
6082.19 0.32152 2.9466
6076.64 0.325977 2.93857
6071.1 0.330502 2.93059
6065.57 0.335096 2.92266
6060.05 0.339758 2.91479
6054.55 0.344488 2.90697
6049.05 0.349284 2.8992
6043.56 0.354148 2.89149
6038.08 0.359077 2.88384
6032.61 0.364071 2.87625
6027.15 0.369131 2.86872
6021.7 0.374254 2.86125
6016.26 0.379441 2.85385
6010.83 0.38469 2.84651
6005.41 0.39 2.83924
6000 0.395371 2.83204
5994.6 0.400802 2.82491
5989.21 0.406291 2.81786
5983.83 0.411838 2.81088
5978.46 0.417442 2.80397
5973.09 0.423101 2.79714
5967.74 0.428814 2.79038
5962.4 0.43458 2.78371
5957.07 0.440397 2.77712
5951.74 0.446264 2.7706
5946.43 0.452181 2.76418
5941.12 0.458145 2.75783
5935.83 0.464154 2.75157
5930.54 0.470208 2.7454
5925.27 0.476305 2.73932
5920 0.482443 2.73333
5914.74 0.488621 2.72742
5909.49 0.494836 2.72161
5904.26 0.501088 2.71589
5899.03 0.507374 2.71027
5893.81 0.513692 2.70473
5888.59 0.520041 2.6993
5883.39 0.526419 2.69395
5878.2 0.532825 2.68871
5873.02 0.539255 2.68356
5867.84 0.545708 2.67851
5862.68 0.552183 2.67356
5857.52 0.558676 2.6687
5852.37 0.565187 2.66395
5847.23 0.571713 2.65929
5842.11 0.578253 2.65474
5836.99 0.584803 2.65028
5831.87 0.591363 2.64593
5826.77 0.59793 2.64168
5821.68 0.604502 2.63752
5816.59 0.611076 2.63347
5811.52 0.617652 2.62952
5806.45 0.624227 2.62566
5801.39 0.630798 2.62191
5796.34 0.637365 2.61826
5791.3 0.643924 2.61471
5786.27 0.650473 2.61126
5781.25 0.657012 2.6079
5776.24 0.663538 2.60465
5771.23 0.670048 2.60149
5766.23 0.676541 2.59843
5761.25 0.683016 2.59547
5756.27 0.689469 2.5926
5751.3 0.6959 2.58983
5746.33 0.702306 2.58715
5741.38 0.708686 2.58457
5736.43 0.715038 2.58208
5731.5 0.72136 2.57968
5726.57 0.72765 2.57737
5721.65 0.733907 2.57516
5716.74 0.74013 2.57303
5711.84 0.746316 2.57099
5706.94 0.752464 2.56903
5702.05 0.758573 2.56716
5697.18 0.764641 2.56538
5692.31 0.770667 2.56368
5687.45 0.776649 2.56206
5682.59 0.782586 2.56052
5677.75 0.788477 2.55906
5672.91 0.79432 2.55767
5668.09 0.800115 2.55637
5663.27 0.80586 2.55514
5658.45 0.811554 2.55398
5653.65 0.817197 2.55289
5648.85 0.822786 2.55188
5644.07 0.828322 2.55093
5639.29 0.833803 2.55005
5634.52 0.839228 2.54924
5629.75 0.844597 2.54849
5625 0.849909 2.54781
5620.25 0.855164 2.54718
5615.51 0.860359 2.54662
5610.78 0.865496 2.54612
5606.06 0.870572 2.54567
5601.35 0.875589 2.54528
5596.64 0.880545 2.54494
5591.94 0.885439 2.54466
5587.25 0.890272 2.54443
5582.56 0.895044 2.54424
5577.89 0.899752 2.54411
5573.22 0.904399 2.54402
5568.56 0.908982 2.54398
5563.91 0.913503 2.54398
5559.27 0.91796 2.54402
5554.63 0.922354 2.5441
5550 0.926684 2.54423
5545.38 0.930951 2.54439
5540.77 0.935155 2.54458
5536.16 0.939295 2.54482
5531.56 0.943372 2.54508
5526.97 0.947385 2.54538
5522.39 0.951335 2.54571
5517.81 0.955221 2.54607
5513.25 0.959045 2.54646
5508.68 0.962805 2.54688
5504.13 0.966503 2.54732
5499.59 0.970138 2.54779
5495.05 0.973711 2.54828
5490.52 0.977223 2.54879
5486 0.980672 2.54933
5481.48 0.98406 2.54988
5476.97 0.987387 2.55046
5472.47 0.990653 2.55105
5467.98 0.993859 2.55166
5463.49 0.997005 2.55228
5459.02 1.00009 2.55292
5454.55 1.00312 2.55357
5450.08 1.00609 2.55424
5445.63 1.009 2.55492
5441.18 1.01185 2.5556
5436.73 1.01465 2.5563
5432.3 1.01738 2.55701
5427.87 1.02007 2.55772
5423.45 1.02269 2.55845
5419.04 1.02526 2.55917
5414.63 1.02778 2.55991
5410.24 1.03024 2.56065
5405.84 1.03265 2.56139
5401.46 1.03501 2.56213
5397.08 1.03731 2.56288
5392.71 1.03956 2.56363
5388.35 1.04176 2.56438
5383.99 1.0439 2.56513
5379.64 1.046 2.56588
5375.3 1.04805 2.56663
5370.97 1.05005 2.56738
5366.64 1.052 2.56812
5362.32 1.0539 2.56886
5358 1.05575 2.5696
5353.7 1.05756 2.57034
5349.4 1.05932 2.57107
5345.1 1.06104 2.57179
5340.82 1.06271 2.57251
5336.54 1.06433 2.57323
5332.27 1.06592 2.57393
5328 1.06745 2.57463
5323.74 1.06895 2.57533
5319.49 1.0704 2.57601
5315.24 1.07182 2.57669
5311 1.07319 2.57735
5306.77 1.07452 2.57801
5302.55 1.07581 2.57866
5298.33 1.07706 2.5793
5294.12 1.07827 2.57993
5289.91 1.07945 2.58055
5285.71 1.08059 2.58116
5281.52 1.08169 2.58176
5277.34 1.08275 2.58234
5273.16 1.08378 2.58292
5268.99 1.08477 2.58348
5264.82 1.08573 2.58403
5260.66 1.08665 2.58457
5256.51 1.08755 2.58509
5252.37 1.0884 2.58561
5248.23 1.08923 2.58611
5244.09 1.09002 2.58659
5239.97 1.09078 2.58707
5235.85 1.09151 2.58753
5231.74 1.09221 2.58797
5227.63 1.09288 2.58841
5223.53 1.09352 2.58882
5219.44 1.09413 2.58923
5215.35 1.09472 2.58962
5211.27 1.09527 2.59
5207.19 1.0958 2.59036
5203.13 1.0963 2.5907
5199.06 1.09677 2.59104
5195.01 1.09722 2.59135
5190.96 1.09764 2.59166
5186.92 1.09804 2.59194
5182.88 1.09841 2.59222
5178.85 1.09876 2.59247
5174.83 1.09908 2.59272
5170.81 1.09939 2.59294
5166.8 1.09966 2.59316
5162.79 1.09992 2.59335
5158.79 1.10015 2.59354
5154.8 1.10036 2.5937
5150.81 1.10055 2.59385
5146.83 1.10072 2.59399
5142.86 1.10087 2.59411
5138.89 1.101 2.59421
5134.93 1.10111 2.5943
5130.97 1.1012 2.59438
5127.02 1.10127 2.59444
5123.08 1.10132 2.59448
5119.14 1.10135 2.59451
5115.21 1.10137 2.59453
5111.28 1.10137 2.59452
5107.36 1.10135 2.59451
5103.45 1.10131 2.59447
5099.54 1.10126 2.59443
5095.64 1.10119 2.59437
5091.74 1.10111 2.59429
5087.85 1.10101 2.5942
5083.97 1.1009 2.59409
5080.09 1.10077 2.59397
5076.22 1.10062 2.59383
5072.35 1.10046 2.59368
5068.49 1.10029 2.59351
5064.64 1.1001 2.59333
5060.79 1.09991 2.59313
5056.95 1.09969 2.59292
5053.11 1.09947 2.5927
5049.28 1.09923 2.59246
5045.45 1.09898 2.5922
5041.64 1.09872 2.59193
5037.82 1.09844 2.59165
5034.01 1.09816 2.59136
5030.21 1.09786 2.59105
5026.42 1.09755 2.59072
5022.62 1.09724 2.59038
5018.84 1.09691 2.59003
5015.06 1.09657 2.58966
5011.29 1.09622 2.58928
5007.52 1.09586 2.58889
5003.76 1.09549 2.58848
5000 1.09511 2.58806
4996.25 1.09473 2.58763
4992.5 1.09433 2.58718
4988.76 1.09393 2.58672
4985.03 1.09352 2.58625
4981.3 1.09309 2.58576
4977.58 1.09267 2.58527
4973.86 1.09223 2.58475
4970.15 1.09178 2.58423
4966.44 1.09133 2.58369
4962.74 1.09087 2.58314
4959.05 1.09041 2.58258
4955.36 1.08993 2.58201
4951.67 1.08945 2.58142
4947.99 1.08897 2.58082
4944.32 1.08847 2.58021
4940.65 1.08797 2.57959
4936.99 1.08747 2.57896
4933.33 1.08696 2.57831
4929.68 1.08644 2.57765
4926.04 1.08592 2.57698
4922.39 1.08539 2.5763
4918.76 1.08486 2.57561
4915.13 1.08432 2.57491
4911.5 1.08378 2.57419
4907.89 1.08323 2.57347
4904.27 1.08267 2.57273
4900.66 1.08212 2.57198
4897.06 1.08155 2.57123
4893.46 1.08099 2.57046
4889.87 1.08042 2.56968
4886.28 1.07984 2.56889
4882.7 1.07926 2.56809
4879.12 1.07868 2.56728
4875.55 1.0781 2.56646
4871.98 1.07751 2.56563
4868.42 1.07691 2.56479
4864.86 1.07632 2.56393
4861.31 1.07572 2.56307
4857.77 1.07512 2.5622
4854.23 1.07451 2.56132
4850.69 1.0739 2.56043
4847.16 1.07329 2.55953
4843.64 1.07268 2.55863
4840.12 1.07206 2.55771
4836.6 1.07144 2.55678
4833.09 1.07082 2.55584
4829.59 1.0702 2.5549
4826.09 1.06957 2.55395
4822.59 1.06894 2.55298
4819.1 1.06831 2.55201
4815.62 1.06768 2.55103
4812.14 1.06705 2.55004
4808.66 1.06641 2.54904
4805.19 1.06577 2.54804
4801.73 1.06513 2.54702
4798.27 1.06449 2.546
4794.82 1.06385 2.54497
4791.37 1.06321 2.54393
4787.92 1.06256 2.54289
4784.48 1.06192 2.54183
4781.05 1.06127 2.54077
4777.62 1.06062 2.5397
4774.19 1.05997 2.53862
4770.77 1.05932 2.53754
4767.36 1.05867 2.53644
4763.95 1.05802 2.53534
4760.54 1.05737 2.53423
4757.14 1.05671 2.53312
4753.75 1.05606 2.532
4750.36 1.0554 2.53087
4746.97 1.05475 2.52973
4743.59 1.05409 2.52859
4740.21 1.05344 2.52744
4736.84 1.05278 2.52628
4733.48 1.05213 2.52512
4730.11 1.05147 2.52395
4726.76 1.05081 2.52277
4723.4 1.05015 2.52159
4720.06 1.0495 2.5204
4716.71 1.04884 2.5192
4713.38 1.04818 2.518
4710.04 1.04752 2.51679
4706.71 1.04687 2.51558
4703.39 1.04621 2.51436
4700.07 1.04555 2.51313
4696.76 1.0449 2.5119
4693.45 1.04424 2.51066
4690.14 1.04358 2.50941
4686.84 1.04293 2.50816
4683.54 1.04227 2.50691
4680.25 1.04162 2.50565
4676.97 1.04096 2.50438
4673.68 1.04031 2.50311
4670.41 1.03965 2.50183
4667.13 1.039 2.50055
4663.87 1.03835 2.49926
4660.6 1.0377 2.49796
4657.34 1.03704 2.49666
4654.09 1.03639 2.49536
4650.84 1.03574 2.49405
4647.59 1.03509 2.49274
4644.35 1.03445 2.49142
4641.11 1.0338 2.49009
4637.88 1.03315 2.48877
4634.66 1.03251 2.48743
4631.43 1.03186 2.48609
4628.21 1.03122 2.48475
4625 1.03057 2.48341
4621.79 1.02993 2.48205
4618.59 1.02929 2.4807
4615.38 1.02865 2.47934
4612.19 1.02801 2.47797
4609 1.02737 2.4766
4605.81 1.02674 2.47523
4602.63 1.0261 2.47385
4599.45 1.02546 2.47247
4596.27 1.02483 2.47108
4593.1 1.0242 2.46969
4589.94 1.02357 2.4683
4586.78 1.02294 2.4669
4583.62 1.02231 2.4655
4580.47 1.02168 2.46409
4577.32 1.02105 2.46268
4574.18 1.02043 2.46127
4571.04 1.01981 2.45986
4567.9 1.01918 2.45843
4564.77 1.01856 2.45701
4561.64 1.01794 2.45558
4558.52 1.01732 2.45415
4555.4 1.01671 2.45272
4552.29 1.01609 2.45128
4549.18 1.01548 2.44984
4546.08 1.01486 2.44839
4542.97 1.01425 2.44695
4539.88 1.01364 2.4455
4536.78 1.01303 2.44404
4533.7 1.01243 2.44258
4530.61 1.01182 2.44112
4527.53 1.01122 2.43966
4524.46 1.01061 2.43819
4521.38 1.01001 2.43672
4518.32 1.00941 2.43525
4515.25 1.00882 2.43378
4512.2 1.00822 2.4323
4509.14 1.00762 2.43082
4506.09 1.00703 2.42933
4503.04 1.00644 2.42785
4500 1.00585 2.42636
4496.96 1.00526 2.42487
4493.93 1.00467 2.42337
4490.9 1.00409 2.42188
4487.87 1.0035 2.42038
4484.85 1.00292 2.41887
4481.83 1.00234 2.41737
4478.82 1.00176 2.41586
4475.81 1.00118 2.41435
4472.8 1.00061 2.41284
4469.8 1.00003 2.41133
4466.8 0.999461 2.40981
4463.81 0.998891 2.40829
4460.82 0.998322 2.40677
4457.83 0.997754 2.40525
4454.85 0.997188 2.40372
4451.87 0.996624 2.4022
4448.9 0.996062 2.40067
4445.93 0.995501 2.39914
4442.96 0.994942 2.3976
4440 0.994385 2.39607
4437.04 0.993829 2.39453
4434.09 0.993276 2.39299
4431.14 0.992723 2.39145
4428.19 0.992173 2.38991
4425.25 0.991624 2.38836
4422.31 0.991077 2.38682
4419.38 0.990532 2.38527
4416.45 0.989988 2.38372
4413.52 0.989447 2.38217
4410.6 0.988907 2.38061
4407.68 0.988368 2.37906
4404.76 0.987832 2.3775
4401.85 0.987297 2.37594
4398.94 0.986764 2.37438
4396.04 0.986232 2.37282
4393.14 0.985703 2.37126
4390.24 0.985175 2.3697
4387.35 0.984649 2.36813
4384.46 0.984124 2.36656
4381.58 0.983602 2.36499
4378.7 0.983081 2.36342
4375.82 0.982561 2.36185
4372.95 0.982044 2.36028
4370.08 0.981528 2.35871
4367.21 0.981015 2.35713
4364.35 0.980502 2.35555
4361.49 0.979992 2.35398
4358.64 0.979483 2.3524
4355.79 0.978977 2.35082
4352.94 0.978471 2.34923
4350.1 0.977968 2.34765
4347.26 0.977467 2.34607
4344.42 0.976967 2.34448
4341.59 0.976469 2.3429
4338.76 0.975972 2.34131
4335.94 0.975478 2.33972
4333.12 0.974985 2.33813
4330.3 0.974494 2.33654
4327.49 0.974004 2.33495
4324.68 0.973517 2.33336
4321.87 0.973031 2.33177
4319.07 0.972547 2.33018
4316.27 0.972064 2.32858
4313.47 0.971584 2.32699
4310.68 0.971105 2.32539
4307.89 0.970628 2.32379
4305.11 0.970152 2.3222
4302.33 0.969679 2.3206
4299.55 0.969207 2.319
4296.77 0.968737 2.3174
4294 0.968268 2.3158
4291.24 0.967802 2.3142
4288.47 0.967337 2.31259
4285.71 0.966873 2.31099
4282.96 0.966412 2.30939
4280.21 0.965952 2.30778
4277.46 0.965494 2.30618
4274.71 0.965038 2.30457
4271.97 0.964583 2.30297
4269.23 0.96413 2.30136
4266.5 0.963679 2.29975
4263.76 0.963229 2.29815
4261.04 0.962781 2.29654
4258.31 0.962335 2.29493
4255.59 0.961891 2.29332
4252.87 0.961448 2.29171
4250.16 0.961007 2.2901
4247.45 0.960568 2.28849
4244.74 0.96013 2.28688
4242.04 0.959694 2.28527
4239.34 0.95926 2.28366
4236.64 0.958828 2.28205
4233.95 0.958397 2.28044
4231.26 0.957968 2.27882
4228.57 0.95754 2.27721
4225.89 0.957114 2.2756
4223.21 0.95669 2.27398
4220.53 0.956268 2.27237
4217.86 0.955847 2.27076
4215.19 0.955428 2.26914
4212.52 0.95501 2.26753
4209.86 0.954594 2.26591
4207.2 0.95418 2.2643
4204.55 0.953767 2.26268
4201.89 0.953356 2.26107
4199.24 0.952947 2.25945
4196.6 0.95254 2.25784
4193.95 0.952134 2.25622
4191.32 0.951729 2.25461
4188.68 0.951327 2.25299
4186.05 0.950925 2.25138
4183.42 0.950526 2.24976
4180.79 0.950128 2.24815
4178.17 0.949732 2.24653
4175.55 0.949337 2.24491
4172.93 0.948944 2.2433
4170.32 0.948553 2.24168
4167.71 0.948163 2.24007
4165.1 0.947775 2.23845
4162.5 0.947388 2.23683
4159.9 0.947003 2.23522
4157.3 0.94662 2.2336
4154.71 0.946238 2.23198
4152.12 0.945858 2.23037
4149.53 0.945479 2.22875
4146.95 0.945102 2.22714
4144.37 0.944726 2.22552
4141.79 0.944352 2.22391
4139.22 0.94398 2.22229
4136.65 0.943609 2.22068
4134.08 0.94324 2.21906
4131.51 0.942872 2.21745
4128.95 0.942506 2.21583
4126.39 0.942141 2.21422
4123.84 0.941778 2.2126
4121.29 0.941417 2.21099
4118.74 0.941057 2.20937
4116.19 0.940698 2.20776
4113.65 0.940341 2.20615
4111.11 0.939986 2.20453
4108.57 0.939632 2.20292
4106.04 0.93928 2.20131
4103.51 0.938929 2.19969
4100.99 0.938579 2.19808
4098.46 0.938232 2.19647
4095.94 0.937885 2.19486
4093.42 0.93754 2.19324
4090.91 0.937197 2.19163
4088.4 0.936855 2.19002
4085.89 0.936515 2.18841
4083.38 0.936176 2.1868
4080.88 0.935839 2.18519
4078.38 0.935503 2.18358
4075.89 0.935168 2.18197
4073.39 0.934835 2.18036
4070.9 0.934504 2.17875
4068.42 0.934174 2.17714
4065.93 0.933845 2.17554
4063.45 0.933518 2.17393
4060.98 0.933192 2.17232
4058.5 0.932868 2.17072
4056.03 0.932545 2.16911
4053.56 0.932224 2.1675
4051.09 0.931904 2.1659
4048.63 0.931586 2.16429
4046.17 0.931269 2.16269
4043.72 0.930953 2.16108
4041.26 0.930639 2.15948
4038.81 0.930326 2.15788
4036.36 0.930015 2.15627
4033.92 0.929705 2.15467
4031.48 0.929396 2.15307
4029.04 0.929089 2.15147
4026.6 0.928784 2.14987
4024.17 0.928479 2.14827
4021.74 0.928176 2.14667
4019.31 0.927875 2.14507
4016.89 0.927575 2.14347
4014.47 0.927276 2.14187
4012.05 0.926979 2.14027
4009.63 0.926683 2.13867
4007.22 0.926388 2.13708
4004.81 0.926095 2.13548
4002.4 0.925803 2.13388
4000 0.925512 2.13229
