10000 0.364533 7.1142
9985.01 0.363888 7.10261
9970.06 0.363243 7.09099
9955.16 0.362595 7.07936
9940.3 0.361947 7.06771
9925.48 0.361298 7.05604
9910.71 0.360647 7.04435
9895.99 0.359996 7.03264
9881.31 0.359343 7.02091
9866.67 0.358689 7.00916
9852.07 0.358033 6.99739
9837.52 0.357377 6.9856
9823.01 0.356719 6.97379
9808.54 0.356061 6.96196
9794.12 0.355401 6.95011
9779.74 0.354739 6.93824
9765.4 0.354077 6.92636
9751.1 0.353413 6.91445
9736.84 0.352748 6.90252
9722.63 0.352082 6.89056
9708.45 0.351414 6.87859
9694.32 0.350746 6.8666
9680.23 0.350076 6.85459
9666.18 0.349404 6.84255
9652.17 0.348732 6.8305
9638.21 0.348058 6.81842
9624.28 0.347383 6.80632
9610.39 0.346706 6.7942
9596.54 0.346028 6.78206
9582.73 0.345349 6.76989
9568.97 0.344669 6.75771
9555.24 0.343987 6.7455
9541.55 0.343304 6.73327
9527.9 0.34262 6.72102
9514.29 0.341934 6.70875
9500.71 0.341247 6.69645
9487.18 0.340558 6.68413
9473.68 0.339868 6.67179
9460.23 0.339177 6.65942
9446.81 0.338484 6.64703
9433.43 0.33779 6.63462
9420.08 0.337094 6.62219
9406.78 0.336397 6.60973
9393.51 0.335699 6.59725
9380.28 0.334999 6.58474
9367.09 0.334298 6.57221
9353.93 0.333595 6.55966
9340.81 0.332891 6.54709
9327.73 0.332185 6.53448
9314.69 0.331478 6.52186
9301.68 0.330769 6.50921
9288.7 0.330059 6.49653
9275.77 0.329347 6.48384
9262.87 0.328634 6.47111
9250 0.327919 6.45836
9237.17 0.327203 6.44559
9224.38 0.326485 6.43279
9211.62 0.325765 6.41996
9198.9 0.325044 6.40711
9186.21 0.324321 6.39423
9173.55 0.323597 6.38133
9160.94 0.322871 6.3684
9148.35 0.322144 6.35545
9135.8 0.321415 6.34247
9123.29 0.320684 6.32946
9110.81 0.319952 6.31642
9098.36 0.319218 6.30336
9085.95 0.318482 6.29027
9073.57 0.317744 6.27715
9061.22 0.317005 6.26401
9048.91 0.316264 6.25084
9036.64 0.315522 6.23764
9024.39 0.314777 6.22441
9012.18 0.314031 6.21116
9000 0.313284 6.19787
8987.85 0.312534 6.18456
8975.74 0.311783 6.17122
8963.66 0.31103 6.15785
8951.61 0.310275 6.14445
8939.6 0.309518 6.13102
8927.61 0.308759 6.11756
8915.66 0.307999 6.10408
8903.74 0.307236 6.09056
8891.86 0.306472 6.07701
8880 0.305706 6.06343
8868.18 0.304938 6.04982
8856.38 0.304168 6.03619
8844.62 0.303396 6.02252
8832.89 0.302623 6.00882
8821.19 0.301847 5.99508
8809.52 0.301069 5.98132
8797.89 0.300289 5.96752
8786.28 0.299508 5.9537
8774.7 0.298724 5.93984
8763.16 0.297938 5.92594
8751.64 0.29715 5.91202
8740.16 0.29636 5.89806
8728.7 0.295568 5.88407
8717.28 0.294774 5.87005
8705.88 0.293978 5.85599
8694.52 0.29318 5.8419
8683.18 0.292379 5.82777
8671.88 0.291577 5.81361
8660.6 0.290772 5.79942
8649.35 0.289965 5.78519
8638.13 0.289156 5.77092
8626.94 0.288344 5.75663
8615.78 0.28753 5.74229
8604.65 0.286714 5.72792
8593.55 0.285896 5.71351
8582.47 0.285075 5.69907
8571.43 0.284252 5.68459
8560.41 0.283427 5.67007
8549.42 0.282599 5.65552
8538.46 0.281769 5.64092
8527.53 0.280937 5.62629
8516.62 0.280102 5.61162
8505.75 0.279264 5.59692
8494.9 0.278424 5.58217
8484.08 0.277582 5.56739
8473.28 0.276737 5.55256
8462.52 0.275889 5.5377
8451.78 0.275039 5.5228
8441.06 0.274187 5.50785
8430.38 0.273331 5.49287
8419.72 0.272474 5.47784
8409.09 0.271613 5.46278
8398.49 0.27075 5.44767
8387.91 0.269884 5.43252
8377.36 0.269015 5.41733
8366.83 0.268144 5.40209
8356.34 0.267269 5.38681
8345.86 0.266392 5.37149
8335.42 0.265512 5.35612
8325 0.26463 5.34071
8314.61 0.263744 5.32526
8304.24 0.262855 5.30976
8293.9 0.261964 5.29421
8283.58 0.261069 5.27862
8273.29 0.260171 5.26299
8263.03 0.259721 5.25423
8252.79 0.259377 5.2471
8242.57 0.259032 5.23996
8232.39 0.258686 5.2328
8222.22 0.258341 5.22564
8212.08 0.257994 5.21847
8201.97 0.257647 5.21128
8191.88 0.2573 5.20409
8181.82 0.256952 5.19689
8171.78 0.256604 5.18968
8161.76 0.256255 5.18245
8151.77 0.255906 5.17522
8141.81 0.255556 5.16798
8131.87 0.255206 5.16072
8121.95 0.254856 5.15346
8112.06 0.254504 5.14619
8102.19 0.254153 5.1389
8092.35 0.253801 5.13161
8082.52 0.253448 5.12431
8072.73 0.253095 5.11699
8062.95 0.252742 5.10967
8053.2 0.252387 5.10233
8043.48 0.252033 5.09498
8033.78 0.251678 5.08763
8024.1 0.251322 5.08026
8014.44 0.250966 5.07288
8004.81 0.25061 5.06549
7995.2 0.250253 5.05809
7985.61 0.249895 5.05068
7976.05 0.249537 5.04326
7966.51 0.249178 5.03583
7956.99 0.248819 5.02838
7947.49 0.24846 5.02093
7938.02 0.248099 5.01346
7928.57 0.247739 5.00598
7919.14 0.247377 4.9985
7909.74 0.247016 4.991
7900.36 0.246653 4.98349
7891 0.246291 4.97596
7881.66 0.245927 4.96843
7872.34 0.245563 4.96089
7863.05 0.245199 4.95333
7853.77 0.244834 4.94576
7844.52 0.244469 4.93818
7835.29 0.244102 4.93059
7826.09 0.243736 4.92299
7816.9 0.243369 4.91537
7807.74 0.243001 4.90775
7798.59 0.242633 4.90011
7789.47 0.242264 4.89246
7780.37 0.241895 4.8848
7771.3 0.241525 4.87712
7762.24 0.241154 4.86944
7753.2 0.240783 4.86174
7744.19 0.240411 4.85403
7735.19 0.240039 4.84631
7726.22 0.239666 4.83857
7717.27 0.239293 4.83082
7708.33 0.238919 4.82306
7699.42 0.238544 4.81529
7690.53 0.238169 4.80751
7681.66 0.237793 4.79971
7672.81 0.237417 4.7919
7663.98 0.23704 4.78407
7655.17 0.236663 4.77624
7646.38 0.236285 4.76839
7637.61 0.235906 4.76053
7628.87 0.235526 4.75265
7620.14 0.235146 4.74477
7611.43 0.234766 4.73686
7602.74 0.234385 4.72895
7594.07 0.234003 4.72102
7585.42 0.23362 4.71308
7576.79 0.233237 4.70513
7568.18 0.232854 4.69716
7559.59 0.232469 4.68918
7551.02 0.232084 4.68118
7542.47 0.231699 4.67318
7533.94 0.231313 4.66515
7525.42 0.230926 4.65712
7516.93 0.230538 4.64907
7508.46 0.23015 4.641
7500 0.229761 4.63293
7491.56 0.229372 4.62483
7483.15 0.228981 4.61673
7474.75 0.228591 4.60861
7466.37 0.228199 4.60047
7458.01 0.227807 4.59232
7449.66 0.227414 4.58416
7441.34 0.227021 4.57598
7433.04 0.226626 4.56779
7424.75 0.226231 4.55958
7416.48 0.225836 4.55136
7408.23 0.22544 4.54312
7400 0.225043 4.53487
7391.79 0.224645 4.5266
7383.59 0.224247 4.51832
7375.42 0.223847 4.51002
7367.26 0.223448 4.50171
7359.12 0.223047 4.49338
7350.99 0.222646 4.48504
7342.89 0.222244 4.47668
7334.8 0.221841 4.4683
7326.73 0.221438 4.45991
7318.68 0.221034 4.4515
7310.65 0.220629 4.44308
7302.63 0.220223 4.43464
7294.63 0.219836 4.42704
7286.65 0.219471 4.42046
7278.69 0.219106 4.41387
7270.74 0.21874 4.40727
7262.81 0.218373 4.40066
7254.9 0.218006 4.39404
7247.01 0.217638 4.38741
7239.13 0.21727 4.38077
7231.27 0.216901 4.37412
7223.43 0.216531 4.36747
7215.6 0.216161 4.3608
7207.79 0.21579 4.35412
7200 0.215418 4.34743
7192.22 0.215046 4.34073
7184.47 0.214673 4.33402
7176.72 0.2143 4.3273
7169 0.213926 4.32056
7161.29 0.213551 4.31382
7153.6 0.213175 4.30707
7145.92 0.212799 4.30031
7138.26 0.212423 4.29353
7130.62 0.212045 4.28675
7122.99 0.211667 4.27995
7115.38 0.211288 4.27315
7107.79 0.210909 4.26633
7100.21 0.210529 4.2595
7092.65 0.210148 4.25266
7085.11 0.209994 4.24534
7077.58 0.209985 4.23769
7070.06 0.209977 4.23003
7062.57 0.20997 4.22235
7055.08 0.209963 4.21467
7047.62 0.209957 4.20696
7040.17 0.209951 4.19925
7032.73 0.209947 4.19152
7025.32 0.209942 4.18377
7017.91 0.209939 4.17601
7010.53 0.209936 4.16824
7003.15 0.209934 4.16045
6995.8 0.209933 4.15265
6988.46 0.209933 4.14483
6981.13 0.209933 4.137
6973.82 0.209934 4.12915
6966.53 0.209936 4.12129
6959.25 0.209938 4.11341
6951.98 0.209942 4.10552
6944.73 0.209946 4.09762
6937.5 0.209951 4.08969
6930.28 0.209957 4.08176
6923.08 0.209963 4.0738
6915.89 0.20997 4.06583
6908.71 0.209979 4.05785
6901.55 0.209988 4.04985
6894.41 0.209998 4.04184
6887.28 0.210268 4.03466
6880.17 0.210617 4.02773
6873.07 0.210967 4.02079
6865.98 0.21132 4.01384
6858.91 0.211674 4.00688
6851.85 0.21203 3.9999
6844.81 0.212388 3.99291
6837.78 0.212748 3.98591
6830.77 0.21311 3.97889
6823.77 0.213474 3.97187
6816.79 0.21384 3.96483
6809.82 0.214207 3.95778
6802.86 0.214577 3.95072
6795.92 0.214949 3.94364
6788.99 0.215323 3.93656
6782.08 0.215698 3.92945
6775.18 0.216076 3.92234
6768.29 0.216456 3.91522
6761.42 0.216838 3.90808
6754.56 0.217222 3.90093
6747.72 0.217609 3.89376
6740.89 0.217997 3.88658
6734.07 0.218388 3.87939
6727.27 0.218781 3.87219
6720.48 0.219176 3.86497
6713.71 0.219573 3.85774
6706.95 0.219973 3.8505
6700.2 0.219661 3.84389
6693.47 0.219296 3.83733
6686.75 0.21893 3.83075
6680.04 0.218564 3.82416
6673.35 0.218197 3.81756
6666.67 0.217829 3.81095
6660 0.217461 3.80433
6653.35 0.217093 3.7977
6646.71 0.216723 3.79105
6640.08 0.216354 3.78439
6633.47 0.215983 3.77772
6626.87 0.215612 3.77104
6620.28 0.21524 3.76435
6613.7 0.214867 3.75764
6607.14 0.214494 3.75093
6600.59 0.21412 3.7442
6594.06 0.213746 3.73746
6587.54 0.213371 3.73071
6581.03 0.212995 3.72394
6574.53 0.212619 3.71716
6568.05 0.212242 3.71037
6561.58 0.211864 3.70357
6555.12 0.211485 3.69675
6548.67 0.211106 3.68993
6542.24 0.210727 3.68309
6535.82 0.210346 3.67623
6529.41 0.210088 3.66931
6523.02 0.211052 3.66174
6516.63 0.212021 3.65415
6510.26 0.212994 3.64656
6503.91 0.213973 3.63894
6497.56 0.214957 3.63131
6491.23 0.215945 3.62367
6484.91 0.216939 3.61601
6478.6 0.217938 3.60833
6472.3 0.218942 3.60064
6466.02 0.219952 3.59293
6459.75 0.220966 3.58521
6453.49 0.221987 3.57747
6447.24 0.223012 3.56971
6441.01 0.224043 3.56194
6434.78 0.22508 3.55415
6428.57 0.226122 3.54635
6422.37 0.22717 3.53852
6416.18 0.228223 3.53069
6410.01 0.229283 3.52283
6403.85 0.230348 3.51496
6397.69 0.231419 3.50707
6391.55 0.232496 3.49916
6385.43 0.233579 3.49124
6379.31 0.234668 3.4833
6373.21 0.235764 3.47534
6367.11 0.236865 3.46737
6361.03 0.237973 3.45938
6354.96 0.239087 3.45137
6348.9 0.240208 3.44334
6342.86 0.241335 3.43529
6336.82 0.242469 3.42723
6330.8 0.243609 3.41915
6324.79 0.244756 3.41104
6318.79 0.24591 3.40293
6312.8 0.247071 3.39479
6306.82 0.248239 3.38663
6300.85 0.249413 3.37846
6294.9 0.250595 3.37026
6288.95 0.251784 3.36205
6283.02 0.25298 3.35382
6277.1 0.254184 3.34557
6271.19 0.255395 3.3373
6265.29 0.256614 3.32901
6259.4 0.25784 3.3207
6253.52 0.259074 3.31237
6247.65 0.260315 3.30402
6241.8 0.261565 3.29565
6235.96 0.262822 3.28726
6230.12 0.264088 3.27885
6224.3 0.265362 3.27042
6218.49 0.266644 3.26196
6212.69 0.267934 3.25349
6206.9 0.269233 3.245
6201.12 0.271322 3.23685
6195.35 0.274537 3.2292
6189.59 0.277768 3.22153
6183.84 0.281016 3.21386
6178.11 0.284281 3.20617
6172.38 0.287563 3.19846
6166.67 0.290862 3.19074
6160.96 0.294178 3.18301
6155.27 0.297512 3.17527
6149.58 0.300863 3.16751
6143.91 0.304233 3.15973
6138.25 0.30762 3.15195
6132.6 0.311025 3.14415
6126.95 0.314448 3.13633
6121.32 0.31789 3.1285
6115.7 0.321351 3.12066
6110.09 0.324831 3.1128
6104.49 0.328329 3.10493
6098.9 0.331847 3.09705
6093.32 0.335385 3.08915
6087.75 0.338942 3.08124
6082.19 0.342519 3.07331
6076.64 0.346116 3.06537
6071.1 0.349733 3.05742
6065.57 0.353371 3.04945
6060.05 0.35703 3.04147
6054.55 0.36071 3.03347
6049.05 0.36441 3.02546
6043.56 0.368132 3.01743
6038.08 0.371876 3.0094
6032.61 0.375641 3.00134
6027.15 0.379429 2.99327
6021.7 0.383239 2.98519
6016.26 0.387071 2.9771
6010.83 0.390926 2.96899
6005.41 0.394804 2.96086
6000 0.398706 2.95273
5994.6 0.402631 2.94457
5989.21 0.406579 2.93641
5983.83 0.410552 2.92823
5978.46 0.414549 2.92003
5973.09 0.41857 2.91182
5967.74 0.422616 2.9036
5962.4 0.426687 2.89537
5957.07 0.430784 2.88711
5951.74 0.434906 2.87885
5946.43 0.439054 2.87057
5941.12 0.443228 2.86228
5935.83 0.447429 2.85397
5930.54 0.451656 2.84565
5925.27 0.45591 2.83732
5920 0.460192 2.82897
5914.74 0.464501 2.82061
5909.49 0.468838 2.81224
5904.26 0.474598 2.80687
5899.03 0.480884 2.80262
5893.81 0.487188 2.79837
5888.59 0.493509 2.79414
5883.39 0.499847 2.78991
5878.2 0.506202 2.7857
5873.02 0.512575 2.7815
5867.84 0.518964 2.77731
5862.68 0.525371 2.77313
5857.52 0.531795 2.76896
5852.37 0.538235 2.76481
5847.23 0.544693 2.76066
5842.11 0.551168 2.75653
5836.99 0.55766 2.75242
5831.87 0.564168 2.74831
5826.77 0.570694 2.74422
5821.68 0.577236 2.74014
5816.59 0.583794 2.73607
5811.52 0.59037 2.73202
5806.45 0.596962 2.72798
5801.39 0.603571 2.72395
5796.34 0.610196 2.71994
5791.3 0.616837 2.71594
5786.27 0.623495 2.71196
5781.25 0.630169 2.70799
5776.24 0.636859 2.70404
5771.23 0.643566 2.70009
5766.23 0.650288 2.69617
5761.25 0.657026 2.69226
5756.27 0.663781 2.68836
5751.3 0.670551 2.68448
5746.33 0.677336 2.68062
5741.38 0.684138 2.67677
5736.43 0.690955 2.67293
5731.5 0.697787 2.66912
5726.57 0.704634 2.66531
5721.65 0.711497 2.66153
5716.74 0.718375 2.65776
5711.84 0.725268 2.65401
5706.94 0.732176 2.65027
5702.05 0.739098 2.64655
5697.18 0.746036 2.64285
5692.31 0.752987 2.63917
5687.45 0.759954 2.6355
5682.59 0.766934 2.63185
5677.75 0.773929 2.62822
5672.91 0.780938 2.6246
5668.09 0.787961 2.62101
5663.27 0.794997 2.61743
5658.45 0.802047 2.61387
5653.65 0.809111 2.61033
5648.85 0.816188 2.6068
5644.07 0.823279 2.6033
5639.29 0.830212 2.59998
5634.52 0.834156 2.59965
5629.75 0.838099 2.59933
5625 0.842041 2.59901
5620.25 0.845982 2.59869
5615.51 0.849922 2.59839
5610.78 0.853861 2.59808
5606.06 0.8578 2.59779
5601.35 0.861737 2.5975
5596.64 0.865673 2.59721
5591.94 0.869609 2.59693
5587.25 0.873543 2.59666
5582.56 0.877477 2.59639
5577.89 0.881409 2.59612
5573.22 0.88534 2.59587
5568.56 0.88927 2.59562
5563.91 0.893199 2.59537
5559.27 0.897127 2.59513
5554.63 0.901053 2.59489
5550 0.904979 2.59466
5545.38 0.908903 2.59444
5540.77 0.912826 2.59422
5536.16 0.916747 2.59401
5531.56 0.920667 2.5938
5526.97 0.924586 2.59359
5522.39 0.928504 2.5934
5517.81 0.93242 2.59321
5513.25 0.936335 2.59302
5508.68 0.940249 2.59284
5504.13 0.944161 2.59266
5499.59 0.948072 2.59249
5495.05 0.951981 2.59233
5490.52 0.955889 2.59217
5486 0.959795 2.59201
5481.48 0.9637 2.59187
5476.97 0.967603 2.59172
5472.47 0.971505 2.59158
5467.98 0.975405 2.59145
5463.49 0.979303 2.59132
5459.02 0.9832 2.5912
5454.55 0.987096 2.59108
5450.08 0.990989 2.59097
5445.63 0.994881 2.59086
5441.18 0.998772 2.59076
5436.73 1.00266 2.59067
5432.3 1.00655 2.59057
5427.87 1.01043 2.59049
5423.45 1.01432 2.59041
5419.04 1.0182 2.59033
5414.63 1.02208 2.59026
5410.24 1.02596 2.5902
5405.84 1.02983 2.59013
5401.46 1.03371 2.59008
5397.08 1.03758 2.59003
5392.71 1.04056 2.59006
5388.35 1.04207 2.59023
5383.99 1.04357 2.5904
5379.64 1.04507 2.59057
5375.3 1.04657 2.59074
5370.97 1.04807 2.59092
5366.64 1.04957 2.59109
5362.32 1.05107 2.59126
5358 1.05257 2.59144
5353.7 1.05407 2.59161
5349.4 1.05557 2.59179
5345.1 1.05707 2.59196
5340.82 1.05856 2.59214
5336.54 1.06006 2.59232
5332.27 1.06156 2.5925
5328 1.06305 2.59267
5323.74 1.06455 2.59285
5319.49 1.06604 2.59303
5315.24 1.06754 2.59321
5311 1.06903 2.59339
5306.77 1.07053 2.59358
5302.55 1.07202 2.59376
5298.33 1.07351 2.59394
5294.12 1.07501 2.59413
5289.91 1.0765 2.59431
5285.71 1.07799 2.5945
5281.52 1.07948 2.59468
5277.34 1.08097 2.59487
5273.16 1.08246 2.59506
5268.99 1.08395 2.59524
5264.82 1.08544 2.59543
5260.66 1.08693 2.59562
5256.51 1.08841 2.59581
5252.37 1.0899 2.596
5248.23 1.09139 2.59619
5244.09 1.09288 2.59638
5239.97 1.09436 2.59658
5235.85 1.09585 2.59677
5231.74 1.09733 2.59696
5227.63 1.09882 2.59716
5223.53 1.1003 2.59735
5219.44 1.10178 2.59755
5215.35 1.10327 2.59774
5211.27 1.10475 2.59794
5207.19 1.10623 2.59814
5203.13 1.10771 2.59833
5199.06 1.1092 2.59853
5195.01 1.11068 2.59873
5190.96 1.11216 2.59893
5186.92 1.11364 2.59913
5182.88 1.11511 2.59933
5178.85 1.11659 2.59953
5174.83 1.11807 2.59974
5170.81 1.11955 2.59994
5166.8 1.12018 2.59936
5162.79 1.12045 2.59844
5158.79 1.12071 2.59752
5154.8 1.12098 2.59659
5150.81 1.12124 2.59567
5146.83 1.12151 2.59475
5142.86 1.12178 2.59383
5138.89 1.12204 2.5929
5134.93 1.12231 2.59198
5130.97 1.12258 2.59106
5127.02 1.12284 2.59013
5123.08 1.12311 2.58921
5119.14 1.12338 2.58829
5115.21 1.12365 2.58736
5111.28 1.12392 2.58644
5107.36 1.12418 2.58551
5103.45 1.12445 2.58459
5099.54 1.12472 2.58366
5095.64 1.12499 2.58274
5091.74 1.12526 2.58181
5087.85 1.12553 2.58089
5083.97 1.1258 2.57996
5080.09 1.12607 2.57904
5076.22 1.12634 2.57811
5072.35 1.12661 2.57718
5068.49 1.12688 2.57626
5064.64 1.12716 2.57533
5060.79 1.12743 2.57441
5056.95 1.1277 2.57348
5053.11 1.12797 2.57255
5049.28 1.12824 2.57162
5045.45 1.12852 2.5707
5041.64 1.12879 2.56977
5037.82 1.12906 2.56884
5034.01 1.12934 2.56791
5030.21 1.12961 2.56699
5026.42 1.12989 2.56606
5022.62 1.13016 2.56513
5018.84 1.13044 2.5642
5015.06 1.13071 2.56327
5011.29 1.13099 2.56234
5007.52 1.13126 2.56141
5003.76 1.13154 2.56048
5000 1.13181 2.55955
4996.25 1.13209 2.55862
4992.5 1.13237 2.55769
4988.76 1.13265 2.55676
4985.03 1.13292 2.55583
4981.3 1.1332 2.5549
4977.58 1.13348 2.55397
4973.86 1.13376 2.55304
4970.15 1.13404 2.55211
4966.44 1.13431 2.55118
4962.74 1.13459 2.55025
4959.05 1.13487 2.54932
4955.36 1.13515 2.54839
4951.67 1.13543 2.54745
4947.99 1.13571 2.54652
4944.32 1.13599 2.54559
4940.65 1.13627 2.54466
4936.99 1.13656 2.54372
4933.33 1.13684 2.54279
4929.68 1.13712 2.54186
4926.04 1.1374 2.54092
4922.39 1.13768 2.53999
4918.76 1.13797 2.53906
4915.13 1.13825 2.53812
4911.5 1.13853 2.53719
4907.89 1.13881 2.53626
4904.27 1.1391 2.53532
4900.66 1.13938 2.53439
4897.06 1.13967 2.53345
4893.46 1.13995 2.53252
4889.87 1.14024 2.53158
4886.28 1.14052 2.53065
4882.7 1.14081 2.52971
4879.12 1.14109 2.52878
4875.55 1.14138 2.52784
4871.98 1.14167 2.5269
4868.42 1.14195 2.52597
4864.86 1.14224 2.52503
4861.31 1.14253 2.5241
4857.77 1.14281 2.52316
4854.23 1.1431 2.52222
4850.69 1.14339 2.52129
4847.16 1.14368 2.52035
4843.64 1.14397 2.51941
4840.12 1.14426 2.51847
4836.6 1.14455 2.51754
4833.09 1.14483 2.5166
4829.59 1.14512 2.51566
4826.09 1.14541 2.51472
4822.59 1.14571 2.51378
4819.1 1.146 2.51284
4815.62 1.14629 2.5119
4812.14 1.14658 2.51097
4808.66 1.14687 2.51003
4805.19 1.14716 2.50909
4801.73 1.14745 2.50815
4798.27 1.14775 2.50721
4794.82 1.14804 2.50627
4791.37 1.14833 2.50533
4787.92 1.14863 2.50439
4784.48 1.14892 2.50345
4781.05 1.14922 2.50251
4777.62 1.14951 2.50157
4774.19 1.1498 2.50062
4770.77 1.15006 2.49957
4767.36 1.15022 2.49829
4763.95 1.15038 2.49701
4760.54 1.15055 2.49573
4757.14 1.15072 2.49445
4753.75 1.15088 2.49317
4750.36 1.15105 2.49189
4746.97 1.15121 2.49061
4743.59 1.15138 2.48933
4740.21 1.15155 2.48804
4736.84 1.15172 2.48676
4733.48 1.15189 2.48548
4730.11 1.15205 2.48419
4726.76 1.15222 2.48291
4723.4 1.15239 2.48162
4720.06 1.15256 2.48034
4716.71 1.15273 2.47905
4713.38 1.1529 2.47777
4710.04 1.15307 2.47648
4706.71 1.15325 2.47519
4703.39 1.15342 2.4739
4700.07 1.15359 2.47262
4696.76 1.15376 2.47133
4693.45 1.15394 2.47004
4690.14 1.15411 2.46875
4686.84 1.15428 2.46746
4683.54 1.15446 2.46617
4680.25 1.15463 2.46488
4676.97 1.15481 2.46358
4673.68 1.15498 2.46229
4670.41 1.15516 2.461
4667.13 1.15533 2.45971
4663.87 1.15551 2.45841
4660.6 1.15569 2.45712
4657.34 1.15587 2.45582
4654.09 1.15604 2.45453
4650.84 1.15622 2.45323
4647.59 1.1564 2.45194
4644.35 1.15658 2.45064
4641.11 1.15676 2.44935
4637.88 1.15694 2.44805
4634.66 1.15712 2.44675
4631.43 1.1573 2.44545
4628.21 1.15748 2.44415
4625 1.15766 2.44285
4621.79 1.15785 2.44155
4618.59 1.15803 2.44025
4615.38 1.15821 2.43895
4612.19 1.15839 2.43765
4609 1.15858 2.43635
4605.81 1.15876 2.43505
4602.63 1.15895 2.43375
4599.45 1.15913 2.43244
4596.27 1.15932 2.43114
4593.1 1.1595 2.42984
4589.94 1.15969 2.42853
4586.78 1.15988 2.42723
4583.62 1.16006 2.42592
4580.47 1.16025 2.42461
4577.32 1.16044 2.42331
4574.18 1.16063 2.422
4571.04 1.16082 2.42069
4567.9 1.16101 2.41939
4564.77 1.1612 2.41808
4561.64 1.16139 2.41677
4558.52 1.16158 2.41546
4555.4 1.16177 2.41415
4552.29 1.16196 2.41284
4549.18 1.16215 2.41153
4546.08 1.16234 2.41022
4542.97 1.16254 2.40891
4539.88 1.16273 2.40759
4536.78 1.16292 2.40628
4533.7 1.16312 2.40497
4530.61 1.16331 2.40365
4527.53 1.16351 2.40234
4524.46 1.1637 2.40103
4521.38 1.1639 2.39971
4518.32 1.1641 2.39839
4515.25 1.16429 2.39708
4512.2 1.16449 2.39576
4509.14 1.16469 2.39445
4506.09 1.16489 2.39313
4503.04 1.16509 2.39181
4500 1.16529 2.39049
4496.96 1.16548 2.38917
4493.93 1.16568 2.38785
4490.9 1.16589 2.38653
4487.87 1.16609 2.38521
4484.85 1.16629 2.38389
4481.83 1.16649 2.38257
4478.82 1.16669 2.38125
4475.81 1.1669 2.37993
4472.8 1.1671 2.3786
4469.8 1.1673 2.37728
4466.8 1.16751 2.37596
4463.81 1.16771 2.37463
4460.82 1.16792 2.37331
4457.83 1.16812 2.37198
4454.85 1.16833 2.37065
4451.87 1.16854 2.36933
4448.9 1.16874 2.368
4445.93 1.16895 2.36667
4442.96 1.16916 2.36535
4440 1.16937 2.36402
4437.04 1.16958 2.36269
4434.09 1.16979 2.36136
4431.14 1.17 2.36003
4428.19 1.17007 2.35867
4425.25 1.17014 2.3573
4422.31 1.17021 2.35594
4419.38 1.17028 2.35457
4416.45 1.17036 2.3532
4413.52 1.17043 2.35184
4410.6 1.1705 2.35047
4407.68 1.17058 2.3491
4404.76 1.17065 2.34773
4401.85 1.17073 2.34636
4398.94 1.1708 2.34499
4396.04 1.17088 2.34362
4393.14 1.17095 2.34225
4390.24 1.17103 2.34088
4387.35 1.1711 2.3395
4384.46 1.17118 2.33813
4381.58 1.17126 2.33676
4378.7 1.17133 2.33538
4375.82 1.17141 2.33401
4372.95 1.17149 2.33263
4370.08 1.17157 2.33125
4367.21 1.17165 2.32988
4364.35 1.17173 2.3285
4361.49 1.17181 2.32712
4358.64 1.17189 2.32574
4355.79 1.17197 2.32436
4352.94 1.17205 2.32298
4350.1 1.17213 2.3216
4347.26 1.17221 2.32022
4344.42 1.1723 2.31884
4341.59 1.17238 2.31746
4338.76 1.17246 2.31607
4335.94 1.17255 2.31469
4333.12 1.17263 2.3133
4330.3 1.17272 2.31192
4327.49 1.1728 2.31053
4324.68 1.17289 2.30915
4321.87 1.17297 2.30776
4319.07 1.17306 2.30637
4316.27 1.17314 2.30498
4313.47 1.17323 2.3036
4310.68 1.17332 2.30221
4307.89 1.17341 2.30082
4305.11 1.17349 2.29943
4302.33 1.17358 2.29803
4299.55 1.17367 2.29664
4296.77 1.17376 2.29525
4294 1.17385 2.29386
4291.24 1.17394 2.29246
4288.47 1.17403 2.29107
4285.71 1.17412 2.28967
4282.96 1.17422 2.28828
4280.21 1.17431 2.28688
4277.46 1.1744 2.28549
4274.71 1.17449 2.28409
4271.97 1.17459 2.28269
4269.23 1.17468 2.28129
4266.5 1.17477 2.27989
4263.76 1.17487 2.27849
4261.04 1.17496 2.27709
4258.31 1.17506 2.27569
4255.59 1.17516 2.27429
4252.87 1.17525 2.27289
4250.16 1.17535 2.27148
4247.45 1.17545 2.27008
4244.74 1.17554 2.26868
4242.04 1.17564 2.26727
4239.34 1.17574 2.26586
4236.64 1.17584 2.26446
4233.95 1.17594 2.26305
4231.26 1.17604 2.26164
4228.57 1.17614 2.26024
4225.89 1.17624 2.25883
4223.21 1.17634 2.25742
4220.53 1.17644 2.25601
4217.86 1.17655 2.2546
4215.19 1.17665 2.25319
4212.52 1.17675 2.25177
4209.86 1.17686 2.25036
4207.2 1.17696 2.24895
4204.55 1.17707 2.24753
4201.89 1.17717 2.24612
4199.24 1.17728 2.2447
4196.6 1.17738 2.24329
4193.95 1.17749 2.24187
4191.32 1.1776 2.24045
4188.68 1.1777 2.23904
4186.05 1.17781 2.23762
4183.42 1.17792 2.2362
4180.79 1.17803 2.23478
4178.17 1.17814 2.23336
4175.55 1.17825 2.23194
4172.93 1.17836 2.23052
4170.32 1.17847 2.22909
4167.71 1.17858 2.22767
4165.1 1.17869 2.22625
4162.5 1.17881 2.22482
4159.9 1.17892 2.2234
4157.3 1.17903 2.22197
4154.71 1.17914 2.22055
4152.12 1.17926 2.21912
4149.53 1.17937 2.21769
4146.95 1.17949 2.21626
4144.37 1.1796 2.21484
4141.79 1.17972 2.21341
4139.22 1.17984 2.21198
4136.65 1.17996 2.21055
4134.08 1.18026 2.2092
4131.51 1.18069 2.20791
4128.95 1.18112 2.20663
4126.39 1.18155 2.20534
4123.84 1.18198 2.20405
4121.29 1.18241 2.20276
4118.74 1.18285 2.20147
4116.19 1.18328 2.20018
4113.65 1.18371 2.19889
4111.11 1.18415 2.19759
4108.57 1.18458 2.1963
4106.04 1.18502 2.19501
4103.51 1.18545 2.19372
4100.99 1.18589 2.19243
4098.46 1.18633 2.19113
4095.94 1.18676 2.18984
4093.42 1.1872 2.18855
4090.91 1.18764 2.18725
4088.4 1.18808 2.18596
4085.89 1.18852 2.18467
4083.38 1.18896 2.18337
4080.88 1.18941 2.18208
4078.38 1.18985 2.18078
4075.89 1.19029 2.17949
4073.39 1.19074 2.17819
4070.9 1.19118 2.1769
4068.42 1.19163 2.1756
4065.93 1.19207 2.1743
4063.45 1.19252 2.17301
4060.98 1.19297 2.17171
4058.5 1.19342 2.17041
4056.03 1.19387 2.16911
4053.56 1.19431 2.16782
4051.09 1.19477 2.16652
4048.63 1.19522 2.16522
4046.17 1.19567 2.16392
4043.72 1.19612 2.16262
4041.26 1.19657 2.16132
4038.81 1.19703 2.16002
4036.36 1.19748 2.15872
4033.92 1.19794 2.15742
4031.48 1.19839 2.15612
4029.04 1.19885 2.15482
4026.6 1.19931 2.15352
4024.17 1.19977 2.15222
4021.74 1.20023 2.15091
4019.31 1.20069 2.14961
4016.89 1.20115 2.14831
4014.47 1.20161 2.14701
4012.05 1.20207 2.1457
4009.63 1.20253 2.1444
4007.22 1.203 2.1431
4004.81 1.20346 2.14179
4002.4 1.20392 2.14049
4000 1.20439 2.13918
