20010 1 0
18341.7 1 0
16930.1 1 0
15720.3 1 0
14671.8 1 0
13754.5 1 0
12945.1 1 0
12225.7 1 0
11582 1 0
11002.7 1 0
10478.7 1 0
10002.2 1 0
9567.23 1 0
9168.49 1 0
8801.66 1 0
8463.06 1 0
8149.54 1 0
7858.42 1 0
7587.38 1 0
7334.42 1 0
7097.78 1 0
6875.93 1 0
6667.53 1 0
6471.39 1 0
6286.46 1 0
6111.81 1 0
5946.6 1 0
5790.08 1 0
5641.6 1 0
5500.53 1 0
5366.36 1 0
5238.57 1 0
5116.72 1 0
5000.42 1 0
4889.28 1 0
4782.98 1 0
4681.2 1 0
4583.66 1 0
4490.11 1 0
4400.29 1 0
4314 1 0
4231.03 1 0
4151.19 1 0
4074.31 1 0
4000.22 1 0
3928.78 1 0
3859.85 1 0
3793.29 1 0
3728.99 1 0
3666.84 1 0
3606.72 1 0
3548.54 1 0
3492.21 1 0
3437.64 1 0
3384.75 1 0
3333.46 1 0
3283.7 1 0
3235.41 1 0
3188.51 1 0
3142.96 1 0
3098.69 1 0
3055.65 1 0
3013.78 1 0
2973.05 1 0
2933.41 1 0
2894.81 1 0
2857.21 1 0
2820.58 1 0
2784.87 1 0
2750.06 1 0
2716.1 1 0
2682.98 1 0
2650.65 1 0
2619.09 1 0
2588.28 1 0
2558.18 1 0
2528.77 1 0
2500.03 1 0
2471.94 1 0
2444.47 1 0
2417.61 1 0
2391.33 1 0
2365.62 1 0
2340.45 1 0
2315.81 1 0
2291.69 1 0
2268.06 1 0
2244.91 1 0
2222.24 1 0
2200.01 1 0
2178.23 1 0
2156.87 1 0
2135.93 1 0
2115.39 1 0
2095.24 1 0
2075.48 1 0
2056.08 1 0
2037.04 1 0
2018.35 1 0
2000 1 0
