	      2792	4.004	2.715
            2818	4.015	2.563
            2857	3.981	2.368
            2883	3.939	2.260
            2924	3.864	2.132
            2952	3.810	2.069
            2995	3.736	2.001
            3024	3.692	1.969
            3069	3.634	1.935
            3100	3.601	1.920
            3147	3.559	1.907
            3179	3.538	1.904
            3229	3.512	1.905
            3263	3.501	1.909
            3315	3.488	1.920
            3351	3.485	1.931
            3406	3.489	1.950
            3444	3.495	1.965
            3502	3.513	1.992
            3542	3.531	2.013
            3563	3.541	2.024
            3583	3.553	2.036
            3604	3.566	2.049
            3625	3.580	2.062
            3647	3.596	2.076
            3668	3.614	2.091
            3690	3.635	2.107
            3712	3.657	2.123
            3734	3.681	2.142
            3757	3.709	2.162
            3780	3.740	2.183
            3803	3.776	2.207
            3827	3.818	2.232
            3850	3.871	2.260
            3875	3.938	2.288
            3899	4.023	2.307
            3924	4.126	2.304
            3949	4.229	2.270
            3974	4.313	2.212
            4000	4.373	2.146
            4025	4.413	2.082
            4052	4.439	2.029
            4078	4.462	1.988
            4105	4.483	1.961
            4133	4.509	1.948
            4161	4.55	1.952
            4189	4.626	1.967
            4217	4.755	1.960
            4246	4.917	1.885
            4275	5.052	1.721
            4305	5.107	1.529
            4335	5.102	1.353
            4366	5.065	1.206
            4397	5.015	1.088
            4428	4.959	0.991
            4460	4.902	0.912
            4492	4.845	0.846
            4525	4.793	0.789
            4558	4.741	0.739
            4592	4.694	0.696
            4626	4.649	0.659
            4661	4.605	0.626
            4696	4.567	0.595
            4732	4.525	0.569
            4769	4.492	0.539
            4806	4.456	0.517
            4843	4.423	0.497
            4881	4.392	0.476
            4920	4.362	0.458
            4959	4.333	0.441
            4999	4.305	0.426
            5040    4.279	0.411
            5081	4.254	0.398
            5123	4.229	0.385
            5166	4.205	0.371
            5209	4.183	0.359
            5254	4.162	0.347
            5299	4.145	0.337
            5344	4.120	0.327
            5391	4.100	0.320
            5438	4.082	0.308
            5486	4.063	0.301
            5535	4.045	0.294
            5585	4.029	0.284
            5636	4.013	0.276
            5687	3.998	0.266
            5740	3.983	0.257
            5794	3.968	0.251
            5848	3.954	0.245
            5904	3.940	0.240
            5961	3.927	0.232
            6019	3.914	0.228
            6078	3.902	0.223
            6138	3.890	0.213
            6199	3.878	0.211
            6262	3.867	0.203
            6326	3.856	0.196
            6391	3.846	0.187
            6458	3.836	0.183
            6526	3.826	0.179
            6595	3.817	0.173
            6666	3.809	0.173
            6738	3.799	0.168
            6812	3.792	0.158
            6888	3.785	0.151
            6965	3.779	0.152
            7045	3.772	0.134
            7126	3.762	0.127
            7208	3.752	0.118
            7293	3.742	0.112
            7380	3.734	0.105
            7469	3.725	0.101
            7560	3.716	0.097
            7653	3.707	0.093
            7749	3.700	0.091
            7847	3.693	0.089
            7948	3.685	0.087
            8051	3.679	0.085
            8157	3.672	0.083
            8266	3.666	0.080
            8321    3.666	0.0789
            8377    3.666	0.0728
            8434    3.666	0.0686
            8492    3.666	0.0664
            8551    3.666	0.0628
            8610    3.666	0.0612
            8640    3.666	0.0568
            8670    3.666	0.0557
            8700    3.666	0.0271
            8731    3.666	0.00595
            8793    3.614	0.00169
            8856    3.614	0.00169
            8920    3.614	0.000568
            8984    3.614	0.000250
            9050    3.614	0.000133
            9184    3.569	0.000133
            9537    3.5388	0.000133
            9919    3.5138	0.000133
           10330    3.4920	0.000133
           10780    3.4724	0.000133    
           11270    3.4546	0.000133
           11810    3.4383	0.000133
           12400    3.4232	0.000133
           13050    3.4094	0.000133
           13780    3.3965	0.000133
           14590    3.3847	0.000133
           15500    3.3737	0.000133
           16530    3.3636	0.000133
           17710    3.3543	0.000133
           19070    3.3457	0.000133
           20660    3.3378	0.000133
           22540    3.3306  0.000133
           24800    3.3240  0.000133
           27550    3.3180  0.000133
           31000    3.3125  0.000133
           35420    3.3075  0.000133
           41330    3.3027  0.000133