	2066 1.022 2.774
            2087 1.073 2.801
            2101 1.108 2.831
            2123 1.167 2.862
            2138 1.209 2.873
            2160 1.273 2.874
            2175 1.293 2.863
            2198 1.345 2.852
            2214 1.360 2.846
            2238 1.372 2.842
            2254 1.380 2.842
            2279 1.387 2.849
            2296 1.383 2.854
            2322 1.377 2.877
            2339 1.371 2.897
            2366 1.366 2.938
            2384 1.364 2.973
            2412 1.366 3.031
            2431 1.370 3.073
            2460 1.382 3.146
            2480 1.394 3.197
            2510 1.417 3.282
            2530 1.435 3.342
            2562 1.470 3.439
            2583 1.498 3.509
            2616 1.546 3.624
            2638 1.586 3.709
            2672 1.659 3.852
            2695 1.720 3.960
            2731 1.839 4.147
            2755 1.953 4.297 
            2792 2.226 4.543
            2818 2.516 4.669 
            2857 3.038 4.653
            2883 3.338 4.507
            2924 3.633 4.207
            2952 3.745 4.009
            2995 3.837 3.756 
            3024 3.869 3.614
            3069 3.896 3.436
            3100 3.905 3.336
            3147 3.916 3.209
            3179 3.920 3.137
            3229 3.930 3.043
            3263 3.936 2.986 
            3315 3.949 2.909
            3351 3.958 2.863 
            3406 3.974 2.799
            3444 3.985 2.759
            3502 4.005 2.702 
            3542 4.020 2.667 
            3604 4.048 2.615
            3647 4.070 2.579
            3712 4.106 2.517
            3757 4.128 2.469
            3827 4.150 2.392
            3875 4.157 2.340
            3949 4.153 2.262 
            4000 4.141 2.215
            4078 4.107 2.164
            4133 4.082 2.145
            4217 4.052 2.135
            4275 4.037 2.140
            4366 4.030 2.162
            4428 4.035 2.181
            4525 4.058 2.215
            4592 4.082 2.240 
            4696 4.133 2.281
            4769 4.180 2.309 
            4881 4.267 2.353
            4959 4.340 2.384
            5081 4.482 2.429
            5166 4.610 2.455
            5299 4.883 2.434
            5391 5.062 2.318
            5535 5.198 2.125
            5636 5.283 2.049
            5794 5.554 1.924
            5904 5.748 1.634
            6078 5.708 1.150
            6199 5.588 0.933
            6526 5.294 0.638
            6738 5.152 0.537
            6888 5.067 0.5
            7126 4.961 0.430
            7293 4.897 0.401
            7560 4.816 0.364
            7749 4.763 0.345
            8051 4.684 0.316
            8266 4.653 0.298
            8856 4.56 0.190
            9357 4.495 0.167 
           10330 4.42 0.123
           11270 4.385 0.103
           12400 4.325 0.0809
           13780 4.285 .0745
           15500 4.275 .00567
           16000 4.17262 8.15e-4
           16310 4.17262 7.79e-4
           17710 4.18 2.82e-4
           18000 4.143 2.82e-4
           18230 4.143 2.82e-4
           18370 4.143 1.31e-4
           18500 4.135 1.31e-4
           18790 4.135 6.73e-5
           19000 4.129 6.73e-5
           19370 4.129 7.71e-6
           19840 4.129 7.71e-6
           20000 4.116 7.71e-6
           21000 4.104 6.58e-7
           22000 4.092 6.58e-7 
           23000 4.085 6.58e-7 
           24000 4.078 6.58e-7 
           25000 4.072 6.58e-7 
           25540 4.06230 6.58e-7 
           26000 4.068 6.58e-7 
           26520 4.05754 6.58e-7 
           27320 4.05310 6.58e-7 
           28000 4.05105 6.58e-7 
           28560 4.04947 6.58e-7 
           29580 4.04595 6.58e-7 
           30000 4.04433 6.58e-7 
           30900 4.04292 6.58e-7 
           32000 4.03889 6.58e-7 
           34000 4.03443 6.58e-7 
           36000 4.03072 6.58e-7 
           38000 4.02760 6.58e-7 
           40000 4.02495 6.58e-7;
           41200 4.02457 6.58e-7