11000 1.16203 0.0552979
10711.5 1.19254 0.053129
10437.7 1.2223 0.0510997
10177.6 1.25136 0.0491943
9930.09 1.27977 0.0473995
9694.36 1.30756 0.0457041
9469.57 1.33479 0.0440982
9254.96 1.36147 0.0425734
9049.86 1.38764 0.0411222
8853.66 1.41334 0.0397384
8665.78 1.43857 0.0384161
8485.71 1.46338 0.0371504
8312.98 1.48777 0.0359368
8147.13 1.51177 0.0347713
7987.78 1.5354 0.0336505
7834.53 1.5581 0.0326221
7687.06 1.57935 0.0317303
7545.03 1.59922 0.0309648
7408.16 1.61794 0.0303031
7276.17 1.63556 0.0297378
7148.8 1.6522 0.0292577
7025.81 1.66792 0.0288562
6906.98 1.68286 0.0285201
6792.1 1.69698 0.0282541
6680.98 1.71043 0.0280429
6573.44 1.72326 0.0278844
6469.31 1.73549 0.0277764
6368.42 1.74716 0.0277167
6270.63 1.75834 0.0276989
6175.8 1.76906 0.027721
6083.8 1.77936 0.0277811
5994.5 1.78926 0.0278777
5907.78 1.79879 0.0280086
5823.53 1.80798 0.0281727
5741.65 1.81685 0.028369
5662.05 1.82543 0.0285958
5584.62 1.83374 0.0288521
5509.27 1.8418 0.029137
5435.94 1.84963 0.029449
5364.53 1.85723 0.0297899
5294.98 1.86461 0.0301624
5227.2 1.87181 0.0305608
5161.14 1.87885 0.0309839
5096.72 1.88574 0.0314302
5033.9 1.89245 0.0319127
4972.6 1.89903 0.0324212
4912.78 1.9055 0.0329516
4854.38 1.91185 0.033512
4797.36 1.91808 0.0341067
4741.65 1.92424 0.0347213
4687.23 1.93029 0.03537
4634.04 1.93627 0.0360517
4582.05 1.94219 0.0367494
4531.21 1.94802 0.0375017
4481.48 1.95381 0.0382703
4432.84 1.95955 0.0390786
4385.23 1.96525 0.0399218
4338.65 1.97092 0.0407931
4293.04 1.97655 0.0417155
4248.37 1.98217 0.0426565
4204.63 1.98777 0.0436625
4161.78 1.99336 0.0446822
4119.8 1.99896 0.0457754
4078.65 2.00454 0.0468839
4038.32 2.01016 0.0480678
3998.78 2.01577 0.0492793
3960 2.02141 0.0505545
3921.97 2.02708 0.051884
3884.66 2.03277 0.0532475
3848.06 2.03854 0.0547166
3812.14 2.04428 0.0561779
3776.88 2.05016 0.0577928
3742.27 2.05604 0.0594178
3708.29 2.06199 0.0611227
3674.92 2.06805 0.0629429
3642.14 2.07408 0.0647529
3609.94 2.08033 0.0667672
3578.31 2.08661 0.0688188
3547.23 2.0929 0.0708875
3516.68 2.09948 0.0732358
3486.66 2.10605 0.0755701
3457.14 2.11269 0.0779831
3428.12 2.11964 0.0806894
3399.58 2.12656 0.0833789
3371.52 2.13359 0.0861672
3343.91 2.141 0.0893333
3316.75 2.14839 0.0924785
3290.03 2.1558 0.0956453
3263.74 2.1638 0.0994152
3237.86 2.17178 0.103159
3212.39 2.17973 0.106876
3187.32 2.18825 0.111219
3162.63 2.19697 0.115769
3138.33 2.20566 0.120284
3114.39 2.21454 0.125031
3090.82 2.22419 0.130706
3067.61 2.23382 0.136333
3044.73 2.24341 0.141914
3022.2 2.25298 0.14745
3000 2.26251 0.15294
