11000 0.870193 0.100867
10711.5 0.963514 0.085967
10437.7 1.04292 0.0752128
10177.6 1.11174 0.0670463
9930.09 1.17224 0.0606247
9694.36 1.22599 0.0554469
9469.57 1.27417 0.051193
9254.96 1.31767 0.0476477
9049.86 1.35717 0.0446601
8853.66 1.39325 0.0421205
8665.78 1.42634 0.0399472
8485.71 1.45682 0.0380777
8312.98 1.485 0.0364633
8147.13 1.51113 0.0350658
7987.78 1.53545 0.0338542
7834.53 1.55814 0.0328035
7687.06 1.57936 0.0318931
7545.03 1.59926 0.031106
7408.16 1.61797 0.030428
7276.17 1.63559 0.0298471
7148.8 1.65222 0.0293531
7025.81 1.66795 0.0289375
6906.98 1.68286 0.0285929
6792.1 1.69701 0.0283129
6680.98 1.71046 0.028092
6573.44 1.72328 0.0279256
6469.31 1.73551 0.0278095
6368.42 1.7472 0.0277402
6270.63 1.75838 0.0277146
6175.8 1.7691 0.02773
6083.8 1.7794 0.0277841
5994.5 1.7893 0.0278749
5907.78 1.79883 0.0280005
5823.53 1.80801 0.0281596
5741.65 1.81689 0.0283508
5662.05 1.82546 0.0285729
5584.62 1.83377 0.0288252
5509.27 1.84182 0.0291067
5435.94 1.84964 0.0294169
5364.53 1.85724 0.0297552
5294.98 1.86463 0.0301214
5227.2 1.87184 0.030515
5161.14 1.87888 0.0309361
5096.72 1.88575 0.0313844
5033.9 1.89247 0.0318601
4972.6 1.89906 0.0323634
4912.78 1.90553 0.0328943
4854.38 1.91187 0.0334532
4797.36 1.91811 0.0340406
4741.65 1.92426 0.0346568
4687.23 1.93031 0.0353025
4634.04 1.93629 0.0359782
4582.05 1.9422 0.0366848
4531.21 1.94804 0.037423
4481.48 1.95383 0.0381937
4432.84 1.95957 0.0389979
4385.23 1.96526 0.0398367
4338.65 1.97093 0.0407113
4293.04 1.97656 0.0416229
4248.37 1.98217 0.042573
4204.63 1.98777 0.0435629
4161.78 1.99336 0.0445944
4119.8 1.99895 0.0456691
4078.65 2.00454 0.0467889
4038.32 2.01014 0.0479558
3998.78 2.01576 0.0491719
3960 2.0214 0.0504396
3921.97 2.02706 0.0517612
3884.66 2.03276 0.0531395
3848.06 2.03849 0.0545772
3812.14 2.04428 0.0560774
3776.88 2.05011 0.0576434
3742.27 2.056 0.0592786
3708.29 2.06195 0.0609868
3674.92 2.06798 0.0627721
3642.14 2.07408 0.0646387
3609.94 2.08026 0.0665914
3578.31 2.08653 0.0686351
3547.23 2.0929 0.0707752
3516.68 2.09937 0.0730177
3486.66 2.10596 0.0753687
3457.14 2.11266 0.0778351
3428.12 2.11949 0.0804242
3399.58 2.12645 0.0831439
3371.52 2.13355 0.0860029
3343.91 2.1408 0.0890104
3316.75 2.14822 0.0921766
3290.03 2.1558 0.0955125
3263.74 2.16356 0.09903
3237.86 2.17151 0.102742
3212.39 2.17966 0.106663
3187.32 2.18801 0.110808
3162.63 2.19659 0.115195
3138.33 2.2054 0.119841
3114.39 2.21445 0.124767
3090.82 2.22376 0.129996
3067.61 2.23333 0.135552
3044.73 2.24319 0.141461
3022.2 2.25333 0.147754
3000 2.26379 0.154462
