10490 3.60272 0
10208.2 3.62013 0
9941.11 3.6431 0
9687.66 3.66593 0
9446.81 3.69127 0.00508498
9217.64 3.72077 0.0183064
8999.33 3.75008 0.0313214
8791.12 3.77939 0.0444393
8592.33 3.8089 0.0580048
8402.33 3.83824 0.071365
8220.55 3.86582 0.0858161
8046.47 3.88869 0.103846
7879.61 3.9115 0.121666
7719.53 3.93491 0.13992
7565.82 3.96106 0.160693
7418.12 3.98714 0.181198
7276.07 4.01317 0.201904
7139.36 4.03933 0.22568
7007.69 4.06544 0.249154
6880.79 4.0915 0.272766
6758.41 4.11755 0.303116
6640.3 4.14362 0.333082
6526.25 4.16971 0.362672
6416.05 4.18925 0.394962
6309.51 4.20884 0.426975
6206.46 4.22854 0.458678
6106.71 4.24407 0.490278
6010.12 4.2594 0.521648
5916.54 4.27488 0.552774
5825.82 4.30024 0.595077
5737.85 4.32734 0.638629
5652.49 4.35461 0.681611
5569.64 4.37546 0.726325
5489.18 4.39498 0.771141
5411.01 4.41479 0.815508
5335.04 4.42931 0.861496
5261.17 4.44223 0.907857
5189.32 4.45553 0.95387
5119.4 4.46442 1.00192
5051.35 4.47142 1.05087
4985.08 4.47888 1.09956
4920.52 4.48315 1.15075
4857.62 4.48554 1.20359
4796.3 4.48848 1.25621
4736.51 4.489 1.31144
4678.2 4.48769 1.36884
4621.3 4.48706 1.42606
4565.77 4.48389 1.4846
4511.56 4.47793 1.54471
4458.62 4.47272 1.6047
4406.91 4.46514 1.66541
4356.39 4.45388 1.72729
4307.01 4.44344 1.78916
4258.74 4.43027 1.85104
4211.53 4.41101 1.91316
4165.37 4.39261 1.97544
4120.2 4.37095 2.03706
4076 4.3398 2.09711
4032.74 4.30949 2.15761
3990.39 4.27796 2.21755
3948.92 4.23919 2.27427
3908.3 4.20117 2.33162
3868.51 4.16315 2.3878
3829.53 4.12176 2.43562
3791.32 4.08091 2.48408
3753.86 4.03996 2.53254
3717.14 3.99238 2.57477
3681.13 3.94519 2.61776
3645.81 3.8981 2.66128
3611.16 3.84248 2.69918
3577.16 3.78709 2.73802
3543.8 3.73199 2.7778
3511.05 3.67346 2.81001
3478.91 3.6148 2.84268
3447.35 3.55626 2.87634
3416.35 3.50021 2.89964
3385.91 3.44437 2.92239
3356 3.38846 2.94594
3326.62 3.33326 2.96292
3297.75 3.27803 2.97912
3269.38 3.22261 2.99605
3241.49 3.16704 3.00917
3214.07 3.1112 3.02165
3187.11 3.05511 3.03484
3160.6 2.99992 3.04329
3134.53 2.94488 3.04997
3108.88 2.88948 3.05728
3083.65 2.83661 3.05901
3058.83 2.78485 3.05784
3034.4 2.73263 3.05715
3010.36 2.68248 3.05359
2986.7 2.63376 3.04788
2963.41 2.58456 3.04252
2940.47 2.53817 3.03607
2917.89 2.49458 3.02846
2895.66 2.45056 3.02111
2873.76 2.40779 3.01312
2852.19 2.36692 3.00411
2830.94 2.32564 2.99531
2810 2.2855 2.98642
