10490 3.65712 0.038302
10208.2 3.67371 0.039155
9941.11 3.69142 0.0405213
9687.66 3.71026 0.0425075
9446.81 3.73022 0.0452271
9217.64 3.75131 0.0487987
8999.33 3.7735 0.0533447
8791.12 3.79674 0.058989
8592.33 3.821 0.0658545
8402.33 3.84619 0.0740608
8220.55 3.87223 0.083721
8046.47 3.89902 0.0949393
7879.61 3.92644 0.107808
7719.53 3.95436 0.122406
7565.82 3.98265 0.138796
7418.12 4.01116 0.157023
7276.07 4.03975 0.177112
7139.36 4.06826 0.199074
7007.69 4.09656 0.222897
6880.79 4.12449 0.248556
6758.41 4.15194 0.276008
6640.3 4.17877 0.305199
6526.25 4.20489 0.336062
6416.05 4.23019 0.368524
6309.51 4.25459 0.402506
6206.46 4.27802 0.437926
6106.71 4.30044 0.474703
6010.12 4.32178 0.512756
5916.54 4.34204 0.55201
5825.82 4.36117 0.592395
5737.85 4.37916 0.633845
5652.49 4.396 0.676305
5569.64 4.41169 0.719724
5489.18 4.42623 0.764062
5411.01 4.43959 0.809283
5335.04 4.45179 0.855361
5261.17 4.46282 0.902274
5189.32 4.47266 0.950007
5119.4 4.4813 0.99855
5051.35 4.48871 1.04789
4985.08 4.49487 1.09803
4920.52 4.49975 1.14897
4857.62 4.50331 1.20069
4796.3 4.50549 1.2532
4736.51 4.50624 1.30648
4678.2 4.50551 1.36052
4621.3 4.50321 1.41531
4565.77 4.49928 1.47082
4511.56 4.49363 1.52701
4458.62 4.48618 1.58385
4406.91 4.47684 1.64127
4356.39 4.46551 1.69923
4307.01 4.45212 1.75763
4258.74 4.43655 1.81638
4211.53 4.41874 1.87538
4165.37 4.39859 1.93451
4120.2 4.37604 1.99363
4076 4.35102 2.05259
4032.74 4.32347 2.11124
3990.39 4.29337 2.16939
3948.92 4.2607 2.22687
3908.3 4.22545 2.28349
3868.51 4.18765 2.33904
3829.53 4.14735 2.39333
3791.32 4.10461 2.44617
3753.86 4.05952 2.49737
3717.14 4.0122 2.54674
3681.13 3.96277 2.59412
3645.81 3.9114 2.63935
3611.16 3.85824 2.6823
3577.16 3.80349 2.72285
3543.8 3.74733 2.7609
3511.05 3.68997 2.79639
3478.91 3.63161 2.82927
3447.35 3.57245 2.85951
3416.35 3.51269 2.8871
3385.91 3.45252 2.91207
3356 3.39215 2.93446
3326.62 3.33172 2.95431
3297.75 3.27142 2.97169
3269.38 3.21139 2.98669
3241.49 3.15176 2.9994
3214.07 3.09265 3.00991
3187.11 3.03417 3.01833
3160.6 2.97641 3.02476
3134.53 2.91945 3.0293
3108.88 2.86336 3.03208
3083.65 2.80818 3.03319
3058.83 2.75397 3.03274
3034.4 2.70075 3.03084
3010.36 2.64855 3.02756
2986.7 2.59739 3.02302
2963.41 2.54728 3.0173
2940.47 2.49822 3.01048
2917.89 2.45022 3.00264
2895.66 2.40327 2.99385
2873.76 2.35736 2.98419
2852.19 2.31249 2.97372
2830.94 2.26864 2.96249
2810 2.22581 2.95058
