11000 1.57102 1.60463e-010
10711.5 1.57144 1.65037e-010
10437.7 1.57187 1.69631e-010
10177.6 1.57232 1.74248e-010
9930.09 1.57277 1.78886e-010
9694.36 1.57324 1.83546e-010
9469.57 1.57372 1.8823e-010
9254.96 1.57421 1.92938e-010
9049.86 1.57471 1.97671e-010
8853.66 1.57523 2.02429e-010
8665.78 1.57576 2.07212e-010
8485.71 1.5763 2.12023e-010
8312.98 1.57685 2.16861e-010
8147.13 1.57741 2.21727e-010
7987.78 1.57799 2.26621e-010
7834.53 1.57858 2.31545e-010
7687.06 1.57918 2.365e-010
7545.03 1.5798 2.41485e-010
7408.16 1.58043 2.46502e-010
7276.17 1.58107 2.51552e-010
7148.8 1.58172 2.56635e-010
7025.81 1.58239 2.61752e-010
6906.98 1.58307 2.66905e-010
6792.1 1.58377 2.72092e-010
6680.98 1.58447 2.77317e-010
6573.44 1.58519 2.82579e-010
6469.31 1.58593 2.87879e-010
6368.42 1.58668 2.93219e-010
6270.63 1.58744 2.98598e-010
6175.8 1.58822 3.04019e-010
6083.8 1.58901 3.09481e-010
5994.5 1.58981 3.14986e-010
5907.78 1.59063 3.20535e-010
5823.53 1.59146 3.26129e-010
5741.65 1.59231 3.31768e-010
5662.05 1.59317 3.37455e-010
5584.62 1.59405 3.43189e-010
5509.27 1.59494 3.48971e-010
5435.94 1.59585 3.54804e-010
5364.53 1.59677 3.60688e-010
5294.98 1.5977 3.66623e-010
5227.2 1.59866 3.72612e-010
5161.14 1.59962 3.78656e-010
5096.72 1.60061 3.84754e-010
5033.9 1.60161 3.9091e-010
4972.6 1.60262 3.97123e-010
4912.78 1.60365 4.03395e-010
4854.38 1.6047 4.09728e-010
4797.36 1.60576 4.16122e-010
4741.65 1.60684 4.2258e-010
4687.23 1.60794 4.29102e-010
4634.04 1.60906 4.35689e-010
4582.05 1.61019 4.42343e-010
4531.21 1.61133 4.49066e-010
4481.48 1.6125 4.55859e-010
4432.84 1.61368 4.62724e-010
4385.23 1.61488 4.69661e-010
4338.65 1.6161 4.76673e-010
4293.04 1.61734 4.83761e-010
4248.37 1.6186 4.90927e-010
4204.63 1.61987 4.98172e-010
4161.78 1.62116 5.05498e-010
4119.8 1.62247 5.12907e-010
4078.65 1.6238 5.204e-010
4038.32 1.62516 5.2798e-010
3998.78 1.62653 5.35648e-010
3960 1.62791 5.43406e-010
3921.97 1.62932 5.51257e-010
3884.66 1.63076 5.59201e-010
3848.06 1.63221 5.67241e-010
3812.14 1.63368 5.7538e-010
3776.88 1.63517 5.83619e-010
3742.27 1.63668 5.9196e-010
3708.29 1.63822 6.00407e-010
3674.92 1.63978 6.0896e-010
3642.14 1.64136 6.17622e-010
3609.94 1.64296 6.26397e-010
3578.31 1.64459 6.35285e-010
3547.23 1.64623 6.4429e-010
3516.68 1.6479 6.53415e-010
3486.66 1.6496 6.62662e-010
3457.14 1.65132 6.72033e-010
3428.12 1.65306 6.81532e-010
3399.58 1.65483 6.91162e-010
3371.52 1.65662 7.00925e-010
3343.91 1.65844 7.10824e-010
3316.75 1.66029 7.20863e-010
3290.03 1.66216 7.31044e-010
3263.74 1.66405 7.41371e-010
3237.86 1.66598 7.51848e-010
3212.39 1.66793 7.62478e-010
3187.32 1.6699 7.73264e-010
3162.63 1.67191 7.8421e-010
3138.33 1.67394 7.95319e-010
3114.39 1.67601 8.06597e-010
3090.82 1.6781 8.18045e-010
3067.61 1.68022 8.2967e-010
3044.73 1.68238 8.41474e-010
3022.2 1.68456 8.53463e-010
3000 1.68677 8.6564e-010
