11000 1.57174 0.00119292
10711.5 1.57174 0.00119199
10437.7 1.57177 0.00119254
10177.6 1.57222 0.00123866
9930.09 1.57268 0.00128711
9694.36 1.57316 0.00104324
9469.57 1.57364 0.000849494
9254.96 1.57414 0.000831
9049.86 1.57465 0.00083
8853.66 1.57518 0.000772117
8665.78 1.57571 0.000711393
8485.71 1.57626 0.000677176
8312.98 1.57681 0.000644554
8147.13 1.57739 0.000613162
7987.78 1.57797 0.000600508
7834.53 1.57857 0.000592396
7687.06 1.57917 0.000584856
7545.03 1.5798 0.000575134
7408.16 1.58043 0.000556816
7276.17 1.58108 0.000537507
7148.8 1.58174 0.00051987
7025.81 1.58241 0.000502872
6906.98 1.5831 0.000493
6792.1 1.5838 0.000492407
6680.98 1.58451 0.000489993
6573.44 1.58524 0.000473164
6469.31 1.58598 0.000452845
6368.42 1.58673 0.00043807
6270.63 1.58749 0.000435929
6175.8 1.58828 0.000435
6083.8 1.58907 0.000434885
5994.5 1.58988 0.000434
5907.78 1.59069 0.000434
5823.53 1.59153 0.000429
5741.65 1.59238 0.000401727
5662.05 1.59325 0.000364948
5584.62 1.59412 0.000333171
5509.27 1.59502 0.000323
5435.94 1.59593 0.000322362
5364.53 1.59685 0.000322
5294.98 1.59779 0.000322
5227.2 1.59873 0.000321971
5161.14 1.59971 0.000321
5096.72 1.60068 0.000321
5033.9 1.60169 0.000320823
4972.6 1.60269 0.00032
4912.78 1.60373 0.00032
4854.38 1.60476 0.00032
4797.36 1.60584 0.000319974
4741.65 1.6069 0.000319076
4687.23 1.608 0.000319
4634.04 1.6091 0.000319
4582.05 1.61023 0.000318479
4531.21 1.61138 0.000318
4481.48 1.61252 0.000318
4432.84 1.61371 0.000318
4385.23 1.61489 0.000317281
4338.65 1.61607 0.000316517
4293.04 1.61724 0.000315755
4248.37 1.61842 0.000314995
4204.63 1.61959 0.000314235
4161.78 1.62077 0.000313477
4119.8 1.62194 0.00031272
4078.65 1.62311 0.000311965
4038.32 1.62428 0.00031121
3998.78 1.62545 0.000310457
3960 1.62662 0.000309705
3921.97 1.62778 0.000308954
3884.66 1.62895 0.000308205
3848.06 1.63012 0.000307457
3812.14 1.63128 0.00030671
3776.88 1.63245 0.000305964
3742.27 1.63361 0.00030522
3708.29 1.63477 0.000304476
3674.92 1.63594 0.000303734
3642.14 1.6371 0.000302993
3609.94 1.63826 0.000302254
3578.31 1.63942 0.000301515
3547.23 1.64058 0.000300778
3516.68 1.64173 0.000300042
3486.66 1.64289 0.000299307
3457.14 1.64405 0.000298573
3428.12 1.6452 0.00029784
3399.58 1.64636 0.000297109
3371.52 1.64751 0.000296379
3343.91 1.64866 0.00029565
3316.75 1.64982 0.000294922
3290.03 1.65097 0.000294195
3263.74 1.65212 0.00029347
3237.86 1.65327 0.000292745
3212.39 1.65442 0.000292022
3187.32 1.65556 0.0002913
3162.63 1.65671 0.000290579
3138.33 1.65786 0.000289859
3114.39 1.659 0.00028914
3090.82 1.66015 0.000288423
3067.61 1.66129 0.000287706
3044.73 1.66244 0.000286991
3022.2 1.66358 0.000286276
3000 1.66472 0.000285563
