40000 3.4294 0
39475 3.42965 0
38963.6 3.4299 0
38465.3 3.43015 0
37979.6 3.43041 0
37506 3.43066 0
37044.1 3.43091 0
36593.4 3.43116 0
36153.5 3.43141 0
35724.1 3.43166 0
35304.8 3.43191 0
34895.2 3.43218 0
34495 3.43247 0
34103.9 3.43276 0
33721.5 3.43302 0
33347.6 3.43328 0
32982 3.43354 0
32624.2 3.43382 0
32274.1 3.4341 0
31931.5 3.43439 0
31596.1 3.43467 0
31267.6 3.43495 0
30945.9 3.43523 0
30630.7 3.43552 0
30322 3.4358 0
30019.3 3.43608 0
29722.7 3.43638 2.21892e-010
29431.8 3.43669 4.59046e-010
29146.6 3.43699 6.96158e-010
28866.9 3.43729 9.33228e-010
28592.5 3.4376 1.17026e-009
28323.2 3.4379 1.40724e-009
28059 3.4382 1.64419e-009
27799.6 3.43851 1.88109e-009
27545.1 3.43881 2.11795e-009
27295.1 3.43911 2.35477e-009
27049.6 3.43943 2.39819e-009
26808.5 3.43975 2.13491e-009
26571.7 3.44008 1.87169e-009
26339 3.44041 1.60852e-009
26110.3 3.44073 1.34539e-009
25885.6 3.44106 1.08232e-009
25664.7 3.44138 8.19296e-010
25447.6 3.44171 5.56322e-010
25234.1 3.44204 2.93398e-010
25024.2 3.44236 3.05241e-011
24817.7 3.44269 0
24614.6 3.44301 0
24414.8 3.44333 0
24218.2 3.44356 0
24024.7 3.44377 0
23834.4 3.44398 0
23647 3.44419 0
23462.5 3.44439 0
23280.9 3.4446 0
23102.1 3.44481 0
22926 3.44502 0
22752.6 3.44523 0
22581.7 3.44543 0
22413.5 3.44564 0
22247.7 3.44585 0
22084.3 3.44606 0
21923.3 3.44626 0
21764.7 3.44647 0
21608.3 3.44668 0
21454.2 3.44689 0
21302.3 3.44709 0
21152.5 3.4473 0
21004.7 3.44751 0
20859.1 3.44772 0
20715.4 3.44792 0
20573.7 3.44813 0
20433.9 3.44834 0
20296 3.44855 0
20160 3.44875 0
20025.8 3.44896 0
19893.3 3.44943 0
19762.6 3.44995 0
19633.6 3.45048 0
19506.3 3.45101 0
19380.6 3.45153 0
19256.5 3.45206 0
19134 3.45259 0
19013.1 3.45311 0
18893.6 3.45364 0
18775.7 3.45417 0
18659.2 3.45469 0
18544.2 3.45522 0
18430.5 3.45575 0
18318.3 3.45627 0
18207.4 3.4568 0
18097.8 3.45732 0
17989.6 3.45786 0
17882.6 3.45851 0
17776.9 3.45915 0
17672.5 3.4598 0
17569.2 3.46044 0
17467.2 3.46108 0
17366.4 3.46173 0
17266.7 3.46237 0
17168.1 3.46302 0
17070.7 3.46366 0
16974.3 3.4643 0
16879.1 3.46493 0
16784.9 3.46555 0
16691.7 3.46617 0
16599.6 3.46679 0
16508.5 3.46741 0
16418.4 3.46803 0
16329.2 3.46865 0
16241.1 3.46927 0
16153.8 3.46989 0
16067.6 3.47051 0
15982.2 3.47119 0
15897.7 3.47207 0
15814.1 3.47296 0
15731.4 3.47385 0
15649.5 3.47474 0
15568.5 3.47562 0
15488.4 3.47651 0
15409 3.47739 0
15330.5 3.47828 0
15252.7 3.47883 0
15175.8 3.47933 0
15099.6 3.47983 0
15024.2 3.48032 0
14949.5 3.48082 0
14875.6 3.48132 0
14802.3 3.48182 0
14729.9 3.48231 0
14658.1 3.48281 0
14587 3.48331 0
14516.6 3.4838 0
14446.9 3.4843 0
14377.8 3.4848 0
14309.4 3.48529 0
14241.6 3.48579 0
14174.5 3.48629 0
14108 3.48678 0
14042.2 3.48728 0
13976.9 3.48866 0
13912.3 3.49165 0
13848.2 3.49464 0
13784.7 3.49763 0
13721.9 3.50061 0
13659.5 3.50128 0
13597.8 3.50187 0
13536.6 3.50246 0
13475.9 3.50306 0
13415.8 3.50365 0
13356.3 3.50424 0
13297.2 3.50483 0
13238.7 3.50543 0
13180.7 3.50602 0
13123.2 3.50661 0
13066.1 3.50721 0
13009.6 3.5078 0
12953.6 3.50839 0
12898 3.50898 0
12843 3.50957 0
12788.4 3.51017 0
12734.2 3.51076 0
12680.5 3.51135 0
12627.3 3.51194 0
12574.5 3.51253 0
12522.2 3.51312 0
12470.2 3.51372 0
12418.8 3.51431 0
12367.7 3.5149 0
12317 3.51549 0
12266.8 3.51608 0
12217 3.51667 0
12167.6 3.51726 0
12118.5 3.51785 0
12069.9 3.51844 0
12021.7 3.51903 0
11973.8 3.51976 0
11926.3 3.52059 0
11879.2 3.52142 0
11832.5 3.52225 0
11786.1 3.52308 0
11740.1 3.52392 0
11694.5 3.52475 0
11649.2 3.52558 0
11604.2 3.52641 0
11559.6 3.52724 0
11515.4 3.52807 0
11471.5 3.5289 0
11427.9 3.52997 9.79744e-007
11384.6 3.53166 4.48868e-006
11341.7 3.53335 7.99425e-006
11299.1 3.53504 1.14965e-005
11256.8 3.53653 1.49777e-005
11214.8 3.5376 1.84178e-005
11173.2 3.53866 2.18558e-005
11131.8 3.53973 2.52917e-005
11090.8 3.54079 2.87256e-005
11050 3.54186 3.21574e-005
11009.6 3.54292 3.55872e-005
10969.4 3.54398 3.90149e-005
10929.6 3.54505 4.24405e-005
10890 3.54611 4.58641e-005
10850.7 3.54717 4.92857e-005
10811.7 3.54823 5.27052e-005
10773 3.54931 5.79909e-005
10734.5 3.55043 7.16539e-005
10696.3 3.55156 8.53083e-005
10658.4 3.55269 9.8954e-005
10620.8 3.55382 0.000112591
10583.4 3.55495 0.000126219
10546.3 3.55607 0.000139839
10509.5 3.5572 0.00015345
10472.9 3.55833 0.000167053
10436.5 3.55945 0.000180647
10400.4 3.56058 0.000194232
10364.6 3.56171 0.000207809
10329 3.56283 0.000221848
10293.7 3.56404 0.000252297
10258.6 3.56524 0.000282725
10223.7 3.56644 0.000313133
10189.1 3.56765 0.000343521
10154.7 3.56885 0.000373888
10120.5 3.57005 0.000404234
10086.5 3.57125 0.000434561
10052.8 3.57245 0.000464867
10019.3 3.57366 0.000495152
9986.08 3.57486 0.000525418
9953.03 3.57606 0.000555663
9920.2 3.57726 0.000585888
9887.59 3.57852 0.000628638
9855.2 3.57978 0.000671838
9823.01 3.58104 0.000715007
9791.03 3.5823 0.000758146
9759.26 3.58356 0.000801254
9727.7 3.58482 0.000844333
9696.34 3.58608 0.000887381
9665.18 3.58734 0.000930399
9634.22 3.5886 0.000973387
9603.46 3.58986 0.00101635
9572.9 3.59111 0.00105927
9542.52 3.59237 0.00110217
9512.34 3.59369 0.00115334
9482.36 3.59502 0.00120632
9452.55 3.59635 0.00125926
9422.94 3.59768 0.00131216
9393.51 3.59901 0.00136503
9364.27 3.60034 0.00141785
9335.2 3.60166 0.00147064
9306.32 3.60299 0.00152339
9277.61 3.60432 0.0015761
9249.08 3.60564 0.00162877
9220.73 3.60697 0.0016814
9192.55 3.6083 0.00173399
9164.54 3.60966 0.00179146
9136.7 3.61104 0.00185104
9109.03 3.61242 0.00191058
9081.52 3.6138 0.00197006
9054.19 3.61517 0.00202951
9027.01 3.61655 0.0020889
9000 3.61793 0.00214826
8973.15 3.6193 0.00220756
8946.46 3.62068 0.00226683
8919.93 3.62205 0.00232605
8893.55 3.62343 0.00238522
8867.33 3.6248 0.00244435
8841.27 3.62622 0.00250848
8815.35 3.62767 0.00257644
8789.59 3.62911 0.00264435
8763.98 3.63056 0.0027122
8738.52 3.63201 0.00277999
8713.2 3.63345 0.00284774
8688.04 3.6349 0.00291542
8663.01 3.63634 0.00298306
8638.13 3.63778 0.00305064
8613.39 3.63923 0.00311817
8588.8 3.64067 0.00318565
8564.34 3.64211 0.00325307
8540.03 3.64403 0.00335424
8515.85 3.64652 0.00349621
8491.8 3.64901 0.00363799
8467.9 3.65149 0.00377958
8444.12 3.65398 0.00392098
8420.48 3.65646 0.00406219
8396.97 3.65894 0.00420321
8373.6 3.66142 0.00434404
8350.35 3.6639 0.00448468
8327.23 3.66638 0.00462513
8304.24 3.66886 0.0047654
8281.37 3.67133 0.00490548
8258.64 3.67353 0.00506686
8236.02 3.67518 0.00527282
8213.53 3.67683 0.0054786
8191.16 3.67847 0.00568419
8168.92 3.68012 0.0058896
8146.79 3.68167 0.006
8124.78 3.68311 0.006
8102.89 3.68455 0.006
8081.12 3.68599 0.006
8059.47 3.68743 0.006
8037.93 3.68913 0.00612573
8016.51 3.69099 0.00633255
7995.2 3.69285 0.00653917
7974 3.69471 0.00674558
7952.92 3.69657 0.00695178
7931.94 3.69826 0.007
7911.08 3.6999 0.007
7890.33 3.70155 0.007
7869.68 3.70319 0.007
7849.15 3.70483 0.007
7828.72 3.70666 0.00718504
7808.39 3.70852 0.00739154
7788.17 3.71038 0.00759784
7768.06 3.71223 0.00780393
7748.05 3.71407 0.008
7728.14 3.71551 0.008
7708.33 3.71695 0.008
7688.63 3.71838 0.008
7669.02 3.71982 0.008
7649.52 3.72126 0.00803705
7630.11 3.72271 0.00824416
7610.81 3.72416 0.00845112
7591.6 3.7256 0.00865791
7572.48 3.72705 0.00886455
7553.47 3.72857 0.009
7534.55 3.73022 0.009
7515.72 3.73187 0.00899999
7496.98 3.73352 0.009
7478.34 3.73517 0.009
7459.8 3.73692 0.00910252
7441.34 3.73878 0.00930872
7422.98 3.74063 0.00951473
7404.7 3.74248 0.00972053
7386.52 3.74433 0.00992612
7368.42 3.74592 0.01
7350.41 3.74736 0.01
7332.49 3.7488 0.01
7314.66 3.75024 0.01
7296.92 3.75168 0.01
7279.26 3.75344 0.0101604
7261.68 3.75529 0.0103663
7244.19 3.75714 0.0105719
7226.79 3.75899 0.0107774
7209.46 3.76084 0.0109826
7192.22 3.76234 0.011
7175.07 3.76379 0.011
7157.99 3.76525 0.011
7141 3.76671 0.011
7124.08 3.76823 0.0110235
7107.25 3.7703 0.0112299
7090.49 3.77236 0.0114362
7073.82 3.77442 0.0116422
7057.22 3.77648 0.011848
7040.7 3.77848 0.0120533
7024.26 3.78032 0.0122575
7007.89 3.78215 0.0124616
6991.6 3.78399 0.0126655
6975.39 3.78582 0.0128691
6959.25 3.78767 0.013
6943.18 3.78953 0.013
6927.19 3.7914 0.013
6911.27 3.79326 0.013
6895.43 3.79512 0.013
6879.66 3.79698 0.013
6863.96 3.79883 0.013
6848.33 3.80068 0.013
6832.77 3.80252 0.013
6817.28 3.80437 0.013
6801.87 3.80636 0.0131359
6786.52 3.80842 0.0133424
6771.24 3.81048 0.0135487
6756.03 3.81255 0.0137548
6740.89 3.81461 0.0139606
6725.82 3.81685 0.0141681
6710.81 3.81913 0.0143758
6695.87 3.82141 0.0145832
6681 3.82369 0.0147904
6666.19 3.82597 0.0149973
6651.45 3.82824 0.0152037
6636.77 3.8305 0.0154098
6622.16 3.83277 0.0156156
6607.61 3.83503 0.0158212
6593.13 3.83727 0.016
6578.71 3.83934 0.016
6564.35 3.84142 0.016
6550.05 3.84349 0.016
6535.82 3.84557 0.016
6521.65 3.8477 0.0160635
6507.54 3.84997 0.01627
6493.49 3.85223 0.0164762
6479.5 3.8545 0.0166822
6465.57 3.85677 0.0168879
6451.7 3.85912 0.0170934
6437.89 3.86158 0.0172986
6424.14 3.86404 0.0175035
6410.45 3.86649 0.0177082
6396.82 3.86895 0.0179126
6383.24 3.87142 0.0181186
6369.72 3.87391 0.0183258
6356.26 3.87639 0.0185326
6342.86 3.87887 0.0187393
6329.51 3.88135 0.0189456
6316.22 3.88367 0.0194557
6302.98 3.88593 0.0200739
6289.8 3.8882 0.0206914
6276.67 3.89046 0.0213082
6263.6 3.89272 0.0219243
6250.59 3.89534 0.022
6237.62 3.898 0.022
6224.71 3.90067 0.022
6211.86 3.90333 0.022
6199.06 3.90599 0.022
6186.31 3.90848 0.0224139
6173.61 3.91097 0.0228292
6160.96 3.91346 0.0232439
6148.37 3.91595 0.0236581
6135.83 3.91847 0.024036
6123.33 3.92116 0.0242432
6110.89 3.92385 0.0244501
6098.5 3.92653 0.0246568
6086.16 3.92922 0.0248632
6073.87 3.93183 0.025
6061.63 3.93431 0.025
6049.44 3.93678 0.025
6037.3 3.93926 0.025
6025.2 3.94173 0.025
6013.16 3.9443 0.0252003
6001.16 3.94698 0.0256125
5989.21 3.94965 0.0260241
5977.31 3.95232 0.0264351
5965.45 3.95499 0.0268456
5953.64 3.95767 0.0273851
5941.88 3.96034 0.028002
5930.17 3.96301 0.0286181
5918.5 3.96567 0.0292334
5906.87 3.96834 0.0298478
5895.3 3.97116 0.03
5883.76 3.97403 0.03
5872.28 3.9769 0.03
5860.83 3.97977 0.03
5849.44 3.98264 0.03
5838.08 3.98556 0.0294515
5826.77 3.98848 0.0288247
5815.51 3.9914 0.0281989
5804.28 3.99432 0.0275739
5793.1 3.99725 0.0270495
5781.97 4.00032 0.0276656
5770.87 4.0034 0.0282806
5759.82 4.00647 0.0288948
5748.81 4.00954 0.029508
5737.85 4.01256 0.0301616
5726.92 4.01543 0.0309828
5716.04 4.0183 0.0318027
5705.19 4.02117 0.0326215
5694.39 4.02403 0.0334392
5683.63 4.02705 0.0338686
5672.91 4.0304 0.0334495
5662.23 4.03374 0.0330312
5651.59 4.03708 0.0326136
5640.99 4.04042 0.0321967
5630.43 4.04363 0.0326516
5619.91 4.04671 0.0338854
5609.43 4.04979 0.0351174
5598.99 4.05286 0.0363475
5588.59 4.05594 0.0375758
5578.22 4.05915 0.0371903
5567.9 4.06245 0.0359544
5557.61 4.06574 0.0347205
5547.36 4.06902 0.0334886
5537.15 4.07231 0.0322587
5526.97 4.0756 0.0339581
5516.83 4.0789 0.036435
5506.73 4.0822 0.038908
5496.67 4.08549 0.0413769
5486.64 4.08879 0.0438419
5476.65 4.09229 0.0439999
5466.7 4.09581 0.0439999
5456.78 4.09932 0.0439999
5446.9 4.10283 0.0439999
5437.05 4.10634 0.0440803
5427.24 4.10987 0.0449124
5417.47 4.1134 0.045743
5407.73 4.11692 0.0465723
5398.02 4.12045 0.0474002
5388.35 4.12395 0.0478315
5378.71 4.12742 0.0472184
5369.11 4.13089 0.0466063
5359.54 4.13435 0.0459952
5350.01 4.13781 0.0453852
5340.51 4.14146 0.0448455
5331.05 4.14545 0.0444258
5321.61 4.14942 0.0440069
5312.22 4.1534 0.0435889
5302.85 4.15737 0.0431717
5293.52 4.16118 0.044214
5284.22 4.16489 0.0462759
5274.95 4.16859 0.0483341
5265.71 4.17229 0.0503887
5256.51 4.17599 0.0524397
5247.34 4.1798 0.0534423
5238.2 4.18364 0.0540503
5229.1 4.18749 0.0546572
5220.02 4.19132 0.055263
5210.98 4.19516 0.0558677
5201.96 4.19909 0.0566524
5192.98 4.20305 0.0574863
5184.03 4.207 0.0583188
5175.11 4.21095 0.0591497
5166.22 4.2149 0.0599791
5157.36 4.219 0.0599999
5148.54 4.22309 0.0599998
5139.74 4.22719 0.0599998
5130.97 4.23127 0.0599999
5122.23 4.23536 0.0602185
5113.52 4.23949 0.0626999
5104.85 4.24361 0.0651766
5096.2 4.24773 0.0676484
5087.58 4.25185 0.0701156
5078.98 4.25608 0.0717059
5070.42 4.26065 0.0704553
5061.89 4.26522 0.0692075
5053.38 4.26979 0.0679624
5044.91 4.27435 0.0667201
5036.46 4.2788 0.0666024
5028.04 4.2831 0.0680368
5019.65 4.28739 0.0694685
5011.29 4.29168 0.0708973
5002.95 4.29597 0.0723234
4994.64 4.30038 0.0729999
4986.36 4.30492 0.0729998
4978.11 4.30946 0.0729998
4969.88 4.31399 0.0729998
4961.69 4.31852 0.0729999
4953.51 4.32322 0.0735613
4945.37 4.32801 0.0743954
4937.25 4.3328 0.0752278
4929.16 4.33758 0.0760584
4921.1 4.34235 0.0768873
4913.06 4.34725 0.0773552
4905.04 4.35217 0.0777655
4897.06 4.35709 0.078175
4889.1 4.362 0.0785837
4881.16 4.3669 0.0789916
4873.26 4.37187 0.0798135
4865.37 4.37684 0.0806424
4857.51 4.3818 0.0814696
4849.68 4.38676 0.082295
4841.88 4.39176 0.0833336
4834.09 4.39699 0.0856436
4826.34 4.40223 0.0879482
4818.6 4.40745 0.0902475
4810.9 4.41268 0.0925414
4803.21 4.41795 0.0936993
4795.56 4.42331 0.0928721
4787.92 4.42867 0.0920471
4780.31 4.43402 0.0912243
4772.73 4.43937 0.0904035
4765.17 4.44447 0.0931022
4757.63 4.44933 0.0992051
4750.11 4.4542 0.105295
4742.62 4.45906 0.111371
4735.16 4.46393 0.117434
4727.72 4.46944 0.12
4720.3 4.4754 0.119999
4712.9 4.48135 0.119999
4705.53 4.4873 0.12
4698.18 4.49324 0.12
4690.85 4.49896 0.122058
4683.54 4.50458 0.124977
4676.26 4.51019 0.127889
4669 4.5158 0.130795
4661.77 4.52141 0.133693
4654.55 4.52769 0.133447
4647.36 4.53405 0.132831
4640.19 4.5404 0.132216
4633.04 4.54674 0.131604
4625.92 4.55307 0.130998
4618.81 4.55932 0.130788
4611.73 4.56556 0.13058
4604.67 4.57179 0.130372
4597.63 4.57801 0.130165
4590.62 4.5843 0.130041
4583.62 4.59086 0.130246
4576.65 4.59742 0.130451
4569.69 4.60397 0.130655
4562.76 4.6105 0.13086
4555.85 4.61714 0.13113
4548.96 4.62402 0.131547
4542.09 4.63088 0.131963
4535.24 4.63773 0.132379
4528.41 4.64458 0.132793
4521.6 4.65148 0.134646
4514.82 4.65846 0.137936
4508.05 4.66543 0.141217
4501.3 4.67238 0.144489
4494.58 4.67933 0.14775
4487.87 4.68663 0.149
4481.18 4.69414 0.148999
4474.52 4.70164 0.148999
4467.87 4.70912 0.148999
4461.24 4.7166 0.149
4454.64 4.72385 0.151346
4448.05 4.73104 0.154228
4441.48 4.73822 0.157102
4434.93 4.74539 0.159967
4428.4 4.75256 0.162824
4421.89 4.76047 0.16438
4415.4 4.76842 0.165846
4408.93 4.77635 0.167307
4402.47 4.78427 0.168764
4396.04 4.79224 0.170465
4389.62 4.80049 0.173572
4383.23 4.80874 0.176668
4376.85 4.81697 0.179754
4370.49 4.82519 0.18283
4364.15 4.83344 0.185
4357.82 4.84179 0.184999
4351.52 4.85012 0.184998
4345.23 4.85844 0.184999
4338.96 4.86674 0.184999
4332.71 4.87535 0.185687
4326.48 4.88447 0.187558
4320.27 4.89358 0.189423
4314.07 4.90267 0.191281
4307.89 4.91175 0.193134
4301.73 4.92089 0.194982
4295.59 4.9301 0.196826
4289.46 4.93928 0.198665
4283.35 4.94845 0.200497
4277.26 4.9576 0.202323
4271.19 4.9673 0.204054
4265.13 4.97731 0.205726
4259.09 4.98731 0.207392
4253.07 4.99728 0.209053
4247.06 5.00724 0.210707
4241.07 5.01731 0.213894
4235.1 5.02739 0.217398
4229.15 5.03745 0.220889
4223.21 5.04749 0.224367
4217.29 5.05751 0.227832
4211.38 5.06822 0.231217
4205.49 5.07893 0.234585
4199.62 5.08963 0.237941
4193.77 5.1003 0.241283
4187.93 5.11111 0.244423
4182.1 5.12253 0.246715
4176.3 5.13393 0.248998
4170.51 5.14531 0.251272
4164.73 5.15666 0.253538
4158.97 5.16819 0.256017
4153.23 5.18008 0.258895
4147.5 5.19194 0.26176
4141.79 5.20377 0.264614
4136.1 5.21558 0.267457
4130.42 5.22772 0.271038
4124.75 5.24025 0.275501
4119.1 5.25275 0.279943
4113.47 5.26523 0.284365
4107.85 5.27768 0.288768
4102.25 5.29062 0.293252
4096.66 5.30406 0.297817
4091.09 5.31747 0.302361
4085.53 5.33086 0.306884
4079.99 5.34421 0.311386
4074.46 5.35866 0.315187
4068.95 5.37371 0.318587
4063.45 5.38872 0.321972
4057.97 5.40369 0.32534
4052.5 5.41863 0.328692
4047.05 5.43338 0.333788
4041.61 5.44807 0.339037
4036.19 5.46274 0.344261
4030.78 5.47737 0.349459
4025.39 5.49196 0.354631
4020.01 5.50838 0.361428
4014.64 5.52491 0.368314
4009.29 5.54139 0.375161
4003.95 5.55783 0.381971
3998.63 5.57444 0.388541
3993.32 5.59159 0.394491
3988.02 5.6087 0.400408
3982.74 5.62576 0.406293
3977.48 5.64277 0.412146
3972.22 5.6604 0.418865
3966.98 5.67927 0.427292
3961.76 5.69808 0.435669
3956.55 5.71684 0.443994
3951.35 5.73554 0.452268
3946.17 5.75512 0.461602
3940.99 5.77539 0.471791
3935.84 5.79561 0.481913
3930.69 5.81577 0.491969
3925.56 5.83587 0.501961
3920.45 5.85707 0.513029
3915.34 5.87872 0.524521
3910.25 5.90031 0.535935
3905.18 5.92183 0.547271
3900.11 5.94329 0.558531
3895.06 5.96672 0.572432
3890.02 5.99066 0.586993
3885 6.01453 0.601445
3879.99 6.03832 0.61579
3874.99 6.06205 0.630035
3870 6.08659 0.646957
3865.03 6.11106 0.66375
3860.07 6.13546 0.680416
3855.12 6.1598 0.696958
3850.19 6.18408 0.713376
3845.27 6.21197 0.735023
3840.36 6.23993 0.756695
3835.46 6.26783 0.778183
3830.57 6.29565 0.79949
3825.7 6.32334 0.82213
3820.84 6.35083 0.848719
3815.99 6.37828 0.875083
3811.16 6.40569 0.901227
3806.34 6.43306 0.927155
3801.52 6.46047 0.955728
3796.73 6.48808 0.990486
3791.94 6.51571 1.02495
3787.16 6.54336 1.05911
3782.4 6.57102 1.09299
3777.65 6.59746 1.13171
3772.91 6.62274 1.17532
3768.19 6.64815 1.21859
3763.47 6.67368 1.2615
3758.77 6.69932 1.30406
3754.08 6.71998 1.35333
3749.4 6.73785 1.40653
3744.73 6.75601 1.45937
3740.07 6.77446 1.51187
3735.43 6.79318 1.56402
3730.79 6.80267 1.62237
3726.17 6.80838 1.6834
3721.56 6.81458 1.7442
3716.96 6.82126 1.80476
3712.37 6.8284 1.86508
3707.8 6.82174 1.92708
3703.23 6.81436 1.98922
3698.68 6.80754 2.05134
3694.14 6.80126 2.1134
3689.6 6.79409 2.17514
3685.08 6.77246 2.23411
3680.57 6.75135 2.29327
3676.08 6.73076 2.35263
3671.59 6.7107 2.41217
3667.11 6.68756 2.47031
3662.65 6.65027 2.52253
3658.19 6.61337 2.5752
3653.75 6.57685 2.6283
3649.32 6.54073 2.68183
3644.89 6.50154 2.72574
3640.48 6.45866 2.75907
3636.08 6.41586 2.79281
3631.69 6.37313 2.82697
3627.31 6.33049 2.86156
3622.94 6.28674 2.8894
3618.58 6.24158 2.90958
3614.23 6.19632 2.93011
3609.9 6.15097 2.95098
3605.57 6.10552 2.9722
3601.25 6.06382 2.98496
3596.94 6.02417 2.99289
3592.65 5.98435 3.001
3588.36 5.94437 3.00931
3584.09 5.90424 3.01781
3579.82 5.86874 3.02143
3575.56 5.83474 3.02344
3571.32 5.80059 3.02555
3567.08 5.76629 3.02776
3562.86 5.73218 3.02986
3558.64 5.70779 3.02584
3554.44 5.68331 3.02183
3550.24 5.65873 3.01783
3546.06 5.63406 3.01385
3541.88 5.60944 3.00994
3537.71 5.58985 3.00783
3533.56 5.5702 3.00574
3529.41 5.55049 3.00367
3525.28 5.53073 3.00162
3521.15 5.51192 2.99957
3517.03 5.49702 2.99751
3512.92 5.48208 2.99545
3508.82 5.4671 2.9934
3504.74 5.45209 2.99136
3500.66 5.43787 2.98929
3496.59 5.42532 2.98715
3492.53 5.41274 2.98502
3488.48 5.40013 2.98288
3484.44 5.3875 2.98076
3480.4 5.37695 2.97999
3476.38 5.36754 2.97998
3472.37 5.35812 2.97998
3468.36 5.34869 2.97998
3464.37 5.33924 2.97999
3460.38 5.33052 2.98136
3456.41 5.32218 2.98343
3452.44 5.31384 2.98552
3448.48 5.30548 2.98761
3444.53 5.29713 2.98972
3440.59 5.28976 2.99177
3436.66 5.28254 2.99383
3432.74 5.27531 2.99589
3428.82 5.26808 2.99796
3424.92 5.26087 3.00004
3421.02 5.25475 3.00207
3417.14 5.24863 3.00411
3413.26 5.24251 3.00615
3409.39 5.23638 3.0082
3405.53 5.2303 3.01026
3401.68 5.22455 3.01238
3397.84 5.21879 3.01451
3394 5.21304 3.01664
3390.18 5.20728 3.01878
3386.36 5.20185 3.02171
3382.55 5.19685 3.0257
3378.75 5.19186 3.02969
3374.96 5.18687 3.03369
3371.18 5.18188 3.03769
3367.4 5.17697 3.04176
3363.64 5.17217 3.04592
3359.88 5.16737 3.05009
3356.13 5.16257 3.05426
3352.39 5.15778 3.05844
3348.66 5.15315 3.06258
3344.93 5.1486 3.0667
3341.22 5.14406 3.07083
3337.51 5.13953 3.07496
3333.81 5.13499 3.07909
3330.12 5.13097 3.08318
3326.44 5.12709 3.08726
3322.76 5.12321 3.09134
3319.09 5.11933 3.09542
3315.44 5.11546 3.09951
3311.79 5.11143 3.10532
3308.14 5.10739 3.11138
3304.51 5.10335 3.11743
3300.88 5.09932 3.12349
3297.26 5.09529 3.12956
3293.65 5.09186 3.13392
3290.05 5.08847 3.13814
3286.45 5.08509 3.14237
3282.87 5.0817 3.14661
3279.29 5.07841 3.15125
3275.72 5.07547 3.15752
3272.15 5.07253 3.1638
3268.6 5.06961 3.17008
3265.05 5.06669 3.17636
3261.51 5.06386 3.18262
3257.98 5.06115 3.18883
3254.45 5.05846 3.19504
3250.93 5.05577 3.20126
3247.42 5.05309 3.20748
3243.92 5.05053 3.21365
3240.43 5.04806 3.2198
3236.94 5.0456 3.22595
3233.46 5.04314 3.2321
3229.99 5.04069 3.23825
3226.52 5.03839 3.24581
3223.06 5.03614 3.25392
3219.61 5.03391 3.26204
3216.17 5.03168 3.27015
3212.74 5.02947 3.27826
3209.31 5.02773 3.28473
3205.89 5.02611 3.29075
3202.47 5.02451 3.29677
3199.07 5.02291 3.3028
3195.67 5.02131 3.30882
3192.28 5.02013 3.31679
3188.89 5.01907 3.32523
3185.51 5.01801 3.33368
3182.14 5.01697 3.34212
3178.78 5.01594 3.35055
3175.42 5.01509 3.35891
3172.08 5.01424 3.36727
3168.73 5.01341 3.37563
3165.4 5.01259 3.38398
3162.07 5.01182 3.39231
3158.75 5.01118 3.4006
3155.44 5.01056 3.40887
3152.13 5.00994 3.41714
3148.83 5.00933 3.42541
3145.54 5.00908 3.43429
3142.25 5.00927 3.44392
3138.97 5.00946 3.45355
3135.7 5.00968 3.46317
3132.43 5.0099 3.47278
3129.17 5.00987 3.48292
3125.92 5.00964 3.49347
3122.68 5.00943 3.50401
3119.44 5.00924 3.51455
3116.21 5.00906 3.52507
3112.98 5.00911 3.53679
3109.76 5.0093 3.54923
3106.55 5.00951 3.56164
3103.34 5.00974 3.57405
3100.15 5.00999 3.58643
3096.95 5.01091 3.59898
3093.77 5.01189 3.61151
3090.59 5.01288 3.62403
3087.42 5.01389 3.63653
3084.25 5.01492 3.64901
3081.09 5.01553 3.66356
3077.94 5.01614 3.67827
3074.79 5.01677 3.69295
3071.65 5.01742 3.70761
3068.52 5.01805 3.7225
3065.39 5.01841 3.73875
3062.27 5.0188 3.75498
3059.16 5.01923 3.77118
3056.05 5.01968 3.78735
3052.95 5.02004 3.80411
3049.85 5.02018 3.82206
3046.76 5.02036 3.83998
3043.68 5.02059 3.85786
3040.6 5.02085 3.87571
3037.53 5.02085 3.89421
3034.46 5.02058 3.91341
3031.41 5.02036 3.93257
3028.35 5.02018 3.9517
3025.31 5.02004 3.9708
3022.27 5.019 3.99134
3019.23 5.0173 4.01298
3016.21 5.01566 4.03457
3013.19 5.01408 4.05613
3010.17 5.01257 4.07765
3007.16 5.01019 4.1015
3004.16 5.0073 4.12681
3001.16 5.0045 4.15208
2998.17 5.00178 4.1773
2995.18 4.99916 4.20247
2992.2 4.99472 4.22841
2989.23 4.99026 4.25437
2986.26 4.9859 4.28029
2983.3 4.98164 4.30617
2980.34 4.97748 4.33201
2977.39 4.97007 4.36197
2974.45 4.96237 4.39244
2971.51 4.95482 4.42288
2968.58 4.9474 4.45328
2965.65 4.93963 4.48397
2962.73 4.92828 4.51707
2959.81 4.91712 4.55014
2956.9 4.90614 4.5832
2954 4.89534 4.61624
2951.1 4.88253 4.65005
2948.21 4.86506 4.68564
2945.32 4.84782 4.72126
2942.44 4.83082 4.7569
2939.56 4.81404 4.79257
2936.69 4.79368 4.82835
2933.83 4.76901 4.8643
2930.97 4.74461 4.90036
2928.12 4.72046 4.93653
2925.27 4.69657 4.9728
2922.43 4.66767 5.00766
2919.59 4.63478 5.04152
2916.76 4.60214 5.07559
2913.93 4.56975 5.10986
2911.11 4.53761 5.14434
2908.3 4.49774 5.1762
2905.49 4.45285 5.20658
2902.68 4.40817 5.23733
2899.88 4.3637 5.26846
2897.09 4.31945 5.29996
2894.3 4.27343 5.31832
2891.52 4.22737 5.33659
2888.74 4.18134 5.35521
2885.97 4.13536 5.3742
2883.21 4.08942 5.39354
2880.44 4.03977 5.40296
2877.69 3.98971 5.41192
2874.94 3.93955 5.42125
2872.19 3.88928 5.43096
2869.45 3.84007 5.43872
2866.72 3.7953 5.43747
2863.99 3.75034 5.43646
2861.26 3.70519 5.43569
2858.54 3.65986 5.43518
2855.83 3.61714 5.43296
2853.12 3.57791 5.42835
2850.42 3.53851 5.4239
2847.72 3.49894 5.41962
2845.02 3.45919 5.41552
2842.34 3.42292 5.40965
2839.65 3.38874 5.4027
2836.97 3.3544 5.39587
2834.3 3.3199 5.38915
2831.63 3.28525 5.38255
2828.97 3.2528 5.3751
2826.31 3.22094 5.36744
2823.66 3.18894 5.35987
2821.01 3.15679 5.35239
2818.37 3.12449 5.34501
2815.73 3.09481 5.3369
2813.09 3.06544 5.32873
2810.47 3.03594 5.32064
2807.84 3.00631 5.31262
2805.22 2.97654 5.30467
2802.61 2.94841 5.29528
2800 2.92032 5.2858
