40000 3.43432 0.000610389
39475 3.43456 0.000619685
38963.6 3.43481 0.00062903
38465.3 3.43505 0.000638423
37979.6 3.4353 0.000647865
37506 3.43556 0.000657357
37044.1 3.43581 0.000666899
36593.4 3.43607 0.000676492
36153.5 3.43634 0.000686137
35724.1 3.4366 0.000695834
35304.8 3.43687 0.000705585
34895.2 3.43714 0.00071539
34495 3.43742 0.000725249
34103.9 3.4377 0.000735163
33721.5 3.43798 0.000745134
33347.6 3.43827 0.000755161
32982 3.43856 0.000765246
32624.2 3.43885 0.000775389
32274.1 3.43914 0.000785591
31931.5 3.43944 0.000795853
31596.1 3.43974 0.000806175
31267.6 3.44005 0.000816558
30945.9 3.44036 0.000827003
30630.7 3.44067 0.000837511
30322 3.44099 0.000848082
30019.3 3.4413 0.000858717
29722.7 3.44163 0.000869417
29431.8 3.44195 0.000880183
29146.6 3.44228 0.000891015
28866.9 3.44261 0.000901914
28592.5 3.44295 0.000912881
28323.2 3.44329 0.000923917
28059 3.44363 0.000935022
27799.6 3.44397 0.000946197
27545.1 3.44432 0.000957443
27295.1 3.44467 0.000968761
27049.6 3.44503 0.000980152
26808.5 3.44539 0.000991616
26571.7 3.44575 0.00100315
26339 3.44612 0.00101477
26110.3 3.44648 0.00102646
25885.6 3.44686 0.00103822
25664.7 3.44723 0.00105006
25447.6 3.44761 0.00106199
25234.1 3.44799 0.00107399
25024.2 3.44838 0.00108607
24817.7 3.44877 0.00109823
24614.6 3.44916 0.00111047
24414.8 3.44956 0.00112279
24218.2 3.44996 0.0011352
24024.7 3.45036 0.00114769
23834.4 3.45077 0.00116027
23647 3.45117 0.00117293
23462.5 3.45159 0.00118568
23280.9 3.452 0.00119851
23102.1 3.45242 0.00121144
22926 3.45285 0.00122445
22752.6 3.45327 0.00123755
22581.7 3.45371 0.00125075
22413.5 3.45414 0.00126403
22247.7 3.45458 0.00127741
22084.3 3.45502 0.00129088
21923.3 3.45546 0.00130445
21764.7 3.45591 0.00131811
21608.3 3.45636 0.00133187
21454.2 3.45682 0.00134573
21302.3 3.45727 0.00135968
21152.5 3.45774 0.00137373
21004.7 3.4582 0.00138788
20859.1 3.45867 0.00140214
20715.4 3.45914 0.00141649
20573.7 3.45962 0.00143095
20433.9 3.4601 0.00144551
20296 3.46058 0.00146018
20160 3.46107 0.00147495
20025.8 3.46156 0.00148983
19893.3 3.46205 0.00150482
19762.6 3.46255 0.00151991
19633.6 3.46305 0.00153512
19506.3 3.46355 0.00155043
19380.6 3.46406 0.00156586
19256.5 3.46457 0.0015814
19134 3.46509 0.00159705
19013.1 3.4656 0.00161282
18893.6 3.46613 0.0016287
18775.7 3.46665 0.0016447
18659.2 3.46718 0.00166082
18544.2 3.46772 0.00167706
18430.5 3.46825 0.00169341
18318.3 3.46879 0.00170989
18207.4 3.46934 0.00172649
18097.8 3.46988 0.00174321
17989.6 3.47044 0.00176006
17882.6 3.47099 0.00177703
17776.9 3.47155 0.00179412
17672.5 3.47211 0.00181135
17569.2 3.47268 0.0018287
17467.2 3.47325 0.00184618
17366.4 3.47382 0.0018638
17266.7 3.4744 0.00188154
17168.1 3.47498 0.00189942
17070.7 3.47556 0.00191743
16974.3 3.47615 0.00193558
16879.1 3.47674 0.00195386
16784.9 3.47734 0.00197228
16691.7 3.47794 0.00199084
16599.6 3.47854 0.00200954
16508.5 3.47915 0.00202838
16418.4 3.47976 0.00204736
16329.2 3.48037 0.00206649
16241.1 3.48099 0.00208576
16153.8 3.48162 0.00210518
16067.6 3.48224 0.00212474
15982.2 3.48287 0.00214445
15897.7 3.4835 0.00216431
15814.1 3.48414 0.00218433
15731.4 3.48478 0.00220449
15649.5 3.48543 0.00222481
15568.5 3.48608 0.00224528
15488.4 3.48673 0.00226591
15409 3.48739 0.00228669
15330.5 3.48805 0.00230764
15252.7 3.48871 0.00232874
15175.8 3.48938 0.00235001
15099.6 3.49005 0.00237144
15024.2 3.49073 0.00239303
14949.5 3.49141 0.00241478
14875.6 3.49209 0.00243671
14802.3 3.49278 0.0024588
14729.9 3.49347 0.00248106
14658.1 3.49417 0.00250349
14587 3.49487 0.00252609
14516.6 3.49557 0.00254887
14446.9 3.49628 0.00257182
14377.8 3.49699 0.00259495
14309.4 3.49771 0.00261825
14241.6 3.49843 0.00264174
14174.5 3.49915 0.0026654
14108 3.49988 0.00268925
14042.2 3.50061 0.00271328
13976.9 3.50135 0.0027375
13912.3 3.50209 0.0027619
13848.2 3.50283 0.00278649
13784.7 3.50358 0.00281127
13721.9 3.50433 0.00283625
13659.5 3.50509 0.00286141
13597.8 3.50585 0.00288677
13536.6 3.50661 0.00291233
13475.9 3.50738 0.00293808
13415.8 3.50816 0.00296403
13356.3 3.50893 0.00299018
13297.2 3.50971 0.00301654
13238.7 3.5105 0.0030431
13180.7 3.51129 0.00306986
13123.2 3.51208 0.00309683
13066.1 3.51288 0.00312402
13009.6 3.51368 0.00315141
12953.6 3.51449 0.00317901
12898 3.5153 0.00320683
12843 3.51611 0.00323486
12788.4 3.51693 0.00326311
12734.2 3.51776 0.00329158
12680.5 3.51859 0.00332028
12627.3 3.51942 0.00334919
12574.5 3.52025 0.00337833
12522.2 3.52109 0.00340769
12470.2 3.52194 0.00343729
12418.8 3.52279 0.00346711
12367.7 3.52364 0.00349717
12317 3.5245 0.00352746
12266.8 3.52536 0.00355798
12217 3.52623 0.00358874
12167.6 3.5271 0.00361974
12118.5 3.52797 0.00365099
12069.9 3.52885 0.00368247
12021.7 3.52974 0.00371421
11973.8 3.53063 0.00374618
11926.3 3.53152 0.00377841
11879.2 3.53242 0.00381089
11832.5 3.53332 0.00384362
11786.1 3.53423 0.00387661
11740.1 3.53514 0.00390986
11694.5 3.53605 0.00394336
11649.2 3.53697 0.00397713
11604.2 3.5379 0.00401116
11559.6 3.53883 0.00404545
11515.4 3.53976 0.00408001
11471.5 3.5407 0.00411485
11427.9 3.54164 0.00414995
11384.6 3.54259 0.00418533
11341.7 3.54354 0.00422099
11299.1 3.5445 0.00425692
11256.8 3.54546 0.00429314
11214.8 3.54643 0.00432963
11173.2 3.5474 0.00436642
11131.8 3.54837 0.00440349
11090.8 3.54935 0.00444085
11050 3.55034 0.00447851
11009.6 3.55133 0.00451646
10969.4 3.55232 0.0045547
10929.6 3.55332 0.00459325
10890 3.55433 0.00463209
10850.7 3.55534 0.00467125
10811.7 3.55635 0.0047107
10773 3.55737 0.00475047
10734.5 3.55839 0.00479055
10696.3 3.55942 0.00483095
10658.4 3.56045 0.00487166
10620.8 3.56149 0.00491269
10583.4 3.56253 0.00495404
10546.3 3.56358 0.00499572
10509.5 3.56463 0.00503772
10472.9 3.56569 0.00508006
10436.5 3.56675 0.00512272
10400.4 3.56782 0.00516572
10364.6 3.56889 0.00520906
10329 3.56997 0.00525274
10293.7 3.57105 0.00529677
10258.6 3.57214 0.00534114
10223.7 3.57323 0.00538586
10189.1 3.57433 0.00543093
10154.7 3.57543 0.00547635
10120.5 3.57654 0.00552213
10086.5 3.57765 0.00556828
10052.8 3.57877 0.00561478
10019.3 3.57989 0.00566166
9986.08 3.58102 0.0057089
9953.03 3.58216 0.00575651
9920.2 3.58329 0.0058045
9887.59 3.58444 0.00585287
9855.2 3.58559 0.00590162
9823.01 3.58674 0.00595076
9791.03 3.5879 0.00600028
9759.26 3.58907 0.00605019
9727.7 3.59024 0.0061005
9696.34 3.59141 0.00615121
9665.18 3.59259 0.00620231
9634.22 3.59378 0.00625382
9603.46 3.59497 0.00630574
9572.9 3.59617 0.00635807
9542.52 3.59737 0.00641081
9512.34 3.59858 0.00646397
9482.36 3.59979 0.00651754
9452.55 3.60101 0.00657155
9422.94 3.60224 0.00662598
9393.51 3.60347 0.00668084
9364.27 3.6047 0.00673614
9335.2 3.60594 0.00679188
9306.32 3.60719 0.00684805
9277.61 3.60844 0.00690468
9249.08 3.6097 0.00696175
9220.73 3.61096 0.00701928
9192.55 3.61223 0.00707726
9164.54 3.61351 0.0071357
9136.7 3.61479 0.00719461
9109.03 3.61607 0.00725399
9081.52 3.61737 0.00731383
9054.19 3.61866 0.00737416
9027.01 3.61997 0.00743496
9000 3.62128 0.00749625
8973.15 3.62259 0.00755803
8946.46 3.62391 0.0076203
8919.93 3.62524 0.00768306
8893.55 3.62657 0.00774633
8867.33 3.62791 0.0078101
8841.27 3.62925 0.00787438
8815.35 3.63061 0.00793917
8789.59 3.63196 0.00800448
8763.98 3.63332 0.00807031
8738.52 3.63469 0.00813667
8713.2 3.63607 0.00820356
8688.04 3.63745 0.00827098
8663.01 3.63883 0.00833894
8638.13 3.64023 0.00840745
8613.39 3.64163 0.00847651
8588.8 3.64303 0.00854612
8564.34 3.64444 0.00861628
8540.03 3.64586 0.00868701
8515.85 3.64728 0.00875831
8491.8 3.64871 0.00883018
8467.9 3.65015 0.00890263
8444.12 3.65159 0.00897566
8420.48 3.65304 0.00904928
8396.97 3.6545 0.00912349
8373.6 3.65596 0.00919829
8350.35 3.65743 0.0092737
8327.23 3.6589 0.00934972
8304.24 3.66038 0.00942634
8281.37 3.66187 0.00950359
8258.64 3.66336 0.00958146
8236.02 3.66486 0.00965996
8213.53 3.66637 0.00973909
8191.16 3.66788 0.00981886
8168.92 3.6694 0.00989928
8146.79 3.67093 0.00998034
8124.78 3.67247 0.0100621
8102.89 3.67401 0.0101444
8081.12 3.67555 0.0102275
8059.47 3.67711 0.0103112
8037.93 3.67867 0.0103956
8016.51 3.68023 0.0104807
7995.2 3.68181 0.0105665
7974 3.68339 0.010653
7952.92 3.68498 0.0107402
7931.94 3.68657 0.010828
7911.08 3.68817 0.0109166
7890.33 3.68978 0.011006
7869.68 3.6914 0.011096
7849.15 3.69302 0.0111868
7828.72 3.69465 0.0112783
7808.39 3.69629 0.0113706
7788.17 3.69793 0.0114636
7768.06 3.69959 0.0115574
7748.05 3.70124 0.011652
7728.14 3.70291 0.0117473
7708.33 3.70458 0.0118434
7688.63 3.70626 0.0119403
7669.02 3.70795 0.012038
7649.52 3.70965 0.0121365
7630.11 3.71135 0.0122358
7610.81 3.71306 0.0123359
7591.6 3.71478 0.0124369
7572.48 3.7165 0.0125387
7553.47 3.71823 0.0126413
7534.55 3.71997 0.0127447
7515.72 3.72172 0.012849
7496.98 3.72348 0.0129542
7478.34 3.72524 0.0130602
7459.8 3.72701 0.0131671
7441.34 3.72879 0.0132749
7422.98 3.73057 0.0133836
7404.7 3.73237 0.0134932
7386.52 3.73417 0.0136037
7368.42 3.73598 0.0137151
7350.41 3.7378 0.0138275
7332.49 3.73962 0.0139407
7314.66 3.74146 0.0140549
7296.92 3.7433 0.0141701
7279.26 3.74515 0.0142862
7261.68 3.747 0.0144033
7244.19 3.74887 0.0145214
7226.79 3.75074 0.0146404
7209.46 3.75263 0.0147605
7192.22 3.75452 0.0148815
7175.07 3.75641 0.0150036
7157.99 3.75832 0.0151266
7141 3.76024 0.0152507
7124.08 3.76216 0.0153759
7107.25 3.76409 0.0155021
7090.49 3.76603 0.0156293
7073.82 3.76798 0.0157577
7057.22 3.76994 0.0158871
7040.7 3.77191 0.0160176
7024.26 3.77388 0.0161491
7007.89 3.77586 0.0162818
6991.6 3.77786 0.0164157
6975.39 3.77986 0.0165506
6959.25 3.78187 0.0166867
6943.18 3.78389 0.016824
6927.19 3.78591 0.0169624
6911.27 3.78795 0.0171019
6895.43 3.79 0.0172427
6879.66 3.79205 0.0173846
6863.96 3.79412 0.0175278
6848.33 3.79619 0.0176722
6832.77 3.79827 0.0178178
6817.28 3.80036 0.0179646
6801.87 3.80246 0.0181127
6786.52 3.80457 0.0182621
6771.24 3.80669 0.0184128
6756.03 3.80882 0.0185647
6740.89 3.81096 0.0187179
6725.82 3.81311 0.0188725
6710.81 3.81526 0.0190283
6695.87 3.81743 0.0191855
6681 3.81961 0.0193441
6666.19 3.82179 0.019504
6651.45 3.82399 0.0196653
6636.77 3.8262 0.019828
6622.16 3.82841 0.0199921
6607.61 3.83064 0.0201576
6593.13 3.83287 0.0203245
6578.71 3.83512 0.0204929
6564.35 3.83737 0.0206627
6550.05 3.83964 0.020834
6535.82 3.84192 0.0210068
6521.65 3.8442 0.0211811
6507.54 3.8465 0.0213569
6493.49 3.8488 0.0215343
6479.5 3.85112 0.0217132
6465.57 3.85345 0.0218936
6451.7 3.85579 0.0220757
6437.89 3.85814 0.0222593
6424.14 3.8605 0.0224445
6410.45 3.86287 0.0226313
6396.82 3.86525 0.0228198
6383.24 3.86764 0.02301
6369.72 3.87004 0.0232018
6356.26 3.87245 0.0233953
6342.86 3.87488 0.0235905
6329.51 3.87731 0.0237874
6316.22 3.87976 0.023986
6302.98 3.88222 0.0241865
6289.8 3.88469 0.0243886
6276.67 3.88717 0.0245926
6263.6 3.88966 0.0247984
6250.59 3.89216 0.025006
6237.62 3.89468 0.0252155
6224.71 3.8972 0.0254268
6211.86 3.89974 0.02564
6199.06 3.90229 0.0258551
6186.31 3.90485 0.0260721
6173.61 3.90742 0.0262911
6160.96 3.91001 0.026512
6148.37 3.9126 0.0267349
6135.83 3.91521 0.0269598
6123.33 3.91783 0.0271868
6110.89 3.92047 0.0274157
6098.5 3.92311 0.0276467
6086.16 3.92577 0.0278799
6073.87 3.92844 0.0281151
6061.63 3.93112 0.0283524
6049.44 3.93381 0.0285919
6037.3 3.93652 0.0288335
6025.2 3.93924 0.0290774
6013.16 3.94197 0.0293234
6001.16 3.94472 0.0295717
5989.21 3.94748 0.0298223
5977.31 3.95025 0.0300751
5965.45 3.95303 0.0303303
5953.64 3.95583 0.0305877
5941.88 3.95864 0.0308476
5930.17 3.96147 0.0311098
5918.5 3.9643 0.0313744
5906.87 3.96715 0.0316414
5895.3 3.97002 0.0319109
5883.76 3.9729 0.0321829
5872.28 3.97579 0.0324574
5860.83 3.97869 0.0327344
5849.44 3.98161 0.033014
5838.08 3.98455 0.0332962
5826.77 3.9875 0.033581
5815.51 3.99046 0.0338684
5804.28 3.99343 0.0341585
5793.1 3.99642 0.0344513
5781.97 3.99943 0.0347469
5770.87 4.00245 0.0350452
5759.82 4.00548 0.0353462
5748.81 4.00853 0.0356501
5737.85 4.01159 0.0359569
5726.92 4.01467 0.0362665
5716.04 4.01776 0.036579
5705.19 4.02087 0.0368945
5694.39 4.02399 0.0372129
5683.63 4.02713 0.0375344
5672.91 4.03029 0.0378589
5662.23 4.03346 0.0381864
5651.59 4.03664 0.0385171
5640.99 4.03984 0.0388509
5630.43 4.04306 0.0391879
5619.91 4.04629 0.0395281
5609.43 4.04954 0.0398715
5598.99 4.0528 0.0402182
5588.59 4.05608 0.0405682
5578.22 4.05938 0.0409216
5567.9 4.06269 0.0412783
5557.61 4.06602 0.0416385
5547.36 4.06937 0.0420022
5537.15 4.07273 0.0423693
5526.97 4.07611 0.04274
5516.83 4.07951 0.0431143
5506.73 4.08292 0.0434922
5496.67 4.08635 0.0438738
5486.64 4.0898 0.044259
5476.65 4.09327 0.044648
5466.7 4.09675 0.0450408
5456.78 4.10025 0.0454374
5446.9 4.10377 0.0458379
5437.05 4.10731 0.0462423
5427.24 4.11087 0.0466507
5417.47 4.11444 0.0470631
5407.73 4.11803 0.0474795
5398.02 4.12164 0.0479001
5388.35 4.12527 0.0483248
5378.71 4.12892 0.0487536
5369.11 4.13258 0.0491867
5359.54 4.13627 0.0496241
5350.01 4.13997 0.0500659
5340.51 4.1437 0.050512
5331.05 4.14744 0.0509626
5321.61 4.1512 0.0514177
5312.22 4.15499 0.0518773
5302.85 4.15879 0.0523415
5293.52 4.16261 0.0528104
5284.22 4.16646 0.053284
5274.95 4.17032 0.0537623
5265.71 4.1742 0.0542455
5256.51 4.17811 0.0547335
5247.34 4.18203 0.0552265
5238.2 4.18598 0.0557244
5229.1 4.18994 0.0562274
5220.02 4.19393 0.0567356
5210.98 4.19794 0.0572488
5201.96 4.20197 0.0577674
5192.98 4.20603 0.0582912
5184.03 4.2101 0.0588204
5175.11 4.2142 0.059355
5166.22 4.21832 0.0598951
5157.36 4.22246 0.0604407
5148.54 4.22662 0.060992
5139.74 4.23081 0.0615489
5130.97 4.23502 0.0621117
5122.23 4.23925 0.0626802
5113.52 4.24351 0.0632547
5104.85 4.24779 0.0638351
5096.2 4.25209 0.0644216
5087.58 4.25642 0.0650142
5078.98 4.26077 0.065613
5070.42 4.26515 0.0662181
5061.89 4.26955 0.0668295
5053.38 4.27398 0.0674473
5044.91 4.27843 0.0680717
5036.46 4.2829 0.0687027
5028.04 4.2874 0.0693403
5019.65 4.29193 0.0699847
5011.29 4.29648 0.0706359
5002.95 4.30106 0.0712941
4994.64 4.30566 0.0719593
4986.36 4.31029 0.0726315
4978.11 4.31495 0.073311
4969.88 4.31964 0.0739978
4961.69 4.32435 0.0746919
4953.51 4.32909 0.0753936
4945.37 4.33385 0.0761028
4937.25 4.33865 0.0768197
4929.16 4.34347 0.0775443
4921.1 4.34832 0.0782768
4913.06 4.3532 0.0790173
4905.04 4.35811 0.0797658
4897.06 4.36304 0.0805226
4889.1 4.36801 0.0812876
4881.16 4.37301 0.082061
4873.26 4.37803 0.0828429
4865.37 4.38309 0.0836335
4857.51 4.38818 0.0844328
4849.68 4.39329 0.0852409
4841.88 4.39844 0.086058
4834.09 4.40362 0.0868842
4826.34 4.40883 0.0877196
4818.6 4.41408 0.0885643
4810.9 4.41935 0.0894185
4803.21 4.42466 0.0902823
4795.56 4.43 0.0911558
4787.92 4.43537 0.0920391
4780.31 4.44078 0.0929325
4772.73 4.44622 0.0938359
4765.17 4.4517 0.0947496
4757.63 4.45721 0.0956738
4750.11 4.46275 0.0966084
4742.62 4.46833 0.0975538
4735.16 4.47395 0.09851
4727.72 4.4796 0.0994772
4720.3 4.48528 0.100456
4712.9 4.49101 0.101445
4705.53 4.49677 0.102446
4698.18 4.50257 0.103459
4690.85 4.5084 0.104484
4683.54 4.51428 0.10552
4676.26 4.52019 0.106569
4669 4.52614 0.10763
4661.77 4.53213 0.108703
4654.55 4.53816 0.10979
4647.36 4.54423 0.110889
4640.19 4.55034 0.112001
4633.04 4.5565 0.113126
4625.92 4.56269 0.114265
4618.81 4.56893 0.115417
4611.73 4.57521 0.116584
4604.67 4.58153 0.117764
4597.63 4.58789 0.118959
4590.62 4.5943 0.120168
4583.62 4.60075 0.121392
4576.65 4.60725 0.12263
4569.69 4.6138 0.123884
4562.76 4.62039 0.125154
4555.85 4.62702 0.126439
4548.96 4.6337 0.12774
4542.09 4.64044 0.129057
4535.24 4.64721 0.13039
4528.41 4.65404 0.13174
4521.6 4.66092 0.133107
4514.82 4.66785 0.134492
4508.05 4.67482 0.135893
4501.3 4.68185 0.137313
4494.58 4.68894 0.138751
4487.87 4.69607 0.140207
4481.18 4.70326 0.141681
4474.52 4.7105 0.143175
4467.87 4.71779 0.144688
4461.24 4.72514 0.14622
4454.64 4.73255 0.147773
4448.05 4.74001 0.149346
4441.48 4.74753 0.15094
4434.93 4.75511 0.152554
4428.4 4.76275 0.154191
4421.89 4.77045 0.155849
4415.4 4.77821 0.157529
4408.93 4.78603 0.159232
4402.47 4.79391 0.160957
4396.04 4.80186 0.162707
4389.62 4.80987 0.16448
4383.23 4.81795 0.166277
4376.85 4.82609 0.1681
4370.49 4.8343 0.169947
4364.15 4.84258 0.171821
4357.82 4.85093 0.173721
4351.52 4.85935 0.175647
4345.23 4.86783 0.177601
4338.96 4.8764 0.179583
4332.71 4.88503 0.181593
4326.48 4.89374 0.183633
4320.27 4.90253 0.185702
4314.07 4.91139 0.187801
4307.89 4.92033 0.189932
4301.73 4.92935 0.192094
4295.59 4.93845 0.194288
4289.46 4.94764 0.196515
4283.35 4.95691 0.198776
4277.26 4.96626 0.201072
4271.19 4.9757 0.203403
4265.13 4.98523 0.20577
4259.09 4.99484 0.208175
4253.07 5.00455 0.210617
4247.06 5.01436 0.213098
4241.07 5.02425 0.215618
4235.1 5.03424 0.21818
4229.15 5.04434 0.220783
4223.21 5.05453 0.22343
4217.29 5.06482 0.22612
4211.38 5.07522 0.228855
4205.49 5.08572 0.231637
4199.62 5.09633 0.234467
4193.77 5.10705 0.237345
4187.93 5.11788 0.240274
4182.1 5.12883 0.243254
4176.3 5.13989 0.246288
4170.51 5.15107 0.249376
4164.73 5.16237 0.252521
4158.97 5.1738 0.255725
4153.23 5.18536 0.258988
4147.5 5.19704 0.262313
4141.79 5.20886 0.265701
4136.1 5.22081 0.269156
4130.42 5.23289 0.272678
4124.75 5.24512 0.276271
4119.1 5.2575 0.279936
4113.47 5.27002 0.283677
4107.85 5.28269 0.287495
4102.25 5.29551 0.291393
4096.66 5.3085 0.295376
4091.09 5.32164 0.299444
4085.53 5.33495 0.303602
4079.99 5.34843 0.307854
4074.46 5.36208 0.312202
4068.95 5.37591 0.31665
4063.45 5.38992 0.321203
4057.97 5.40411 0.325865
4052.5 5.4185 0.33064
4047.05 5.43308 0.335533
4041.61 5.44786 0.340548
4036.19 5.46285 0.345692
4030.78 5.47804 0.35097
4025.39 5.49345 0.356387
4020.01 5.50908 0.36195
4014.64 5.52494 0.367666
4009.29 5.54103 0.373541
4003.95 5.55735 0.379584
3998.63 5.57392 0.385802
3993.32 5.59074 0.392203
3988.02 5.60781 0.398798
3982.74 5.62514 0.405594
3977.48 5.64275 0.412603
3972.22 5.66063 0.419835
3966.98 5.67879 0.427303
3961.76 5.69723 0.435017
3956.55 5.71598 0.442992
3951.35 5.73502 0.45124
3946.17 5.75438 0.459778
3940.99 5.77404 0.468621
3935.84 5.79404 0.477785
3930.69 5.81436 0.487289
3925.56 5.83501 0.497152
3920.45 5.85601 0.507394
3915.34 5.87735 0.518037
3910.25 5.89905 0.529105
3905.18 5.92111 0.540621
3900.11 5.94353 0.552612
3895.06 5.96631 0.565107
3890.02 5.98947 0.578135
3885 6.013 0.591728
3879.99 6.03691 0.605919
3874.99 6.06119 0.620745
3870 6.08584 0.636243
3865.03 6.11086 0.652453
3860.07 6.13625 0.669419
3855.12 6.16199 0.687185
3850.19 6.18808 0.705799
3845.27 6.2145 0.725311
3840.36 6.24124 0.745774
3835.46 6.26828 0.767242
3830.57 6.29559 0.789773
3825.7 6.32314 0.813427
3820.84 6.35091 0.838266
3815.99 6.37884 0.864354
3811.16 6.40689 0.891756
3806.34 6.435 0.92054
3801.52 6.46312 0.950772
3796.73 6.49117 0.982519
3791.94 6.51906 1.01585
3787.16 6.54672 1.05083
3782.4 6.57403 1.08751
3777.65 6.60089 1.12596
3772.91 6.62716 1.16623
3768.19 6.65272 1.20836
3763.47 6.6774 1.25239
3758.77 6.70105 1.29834
3754.08 6.7235 1.34622
3749.4 6.74456 1.39602
3744.73 6.76404 1.44772
3740.07 6.78174 1.50127
3735.43 6.79744 1.5566
3730.79 6.81095 1.6136
3726.17 6.82205 1.67217
3721.56 6.83055 1.73214
3716.96 6.83625 1.79334
3712.37 6.83897 1.85554
3707.8 6.83856 1.91851
3703.23 6.83488 1.98199
3698.68 6.82783 2.04567
3694.14 6.81735 2.10926
3689.6 6.80341 2.17243
3685.08 6.78601 2.23484
3680.57 6.76522 2.29617
3676.08 6.74113 2.35608
3671.59 6.71388 2.41426
3667.11 6.68366 2.47043
3662.65 6.65068 2.5243
3658.19 6.6152 2.57565
3653.75 6.57749 2.62428
3649.32 6.53784 2.67002
3644.89 6.49656 2.71275
3640.48 6.45396 2.75241
3636.08 6.41037 2.78893
3631.69 6.36607 2.82234
3627.31 6.32137 2.85267
3622.94 6.27655 2.87997
3618.58 6.23185 2.90436
3614.23 6.18751 2.92594
3609.9 6.14375 2.94486
3605.57 6.10074 2.96127
3601.25 6.05866 2.97533
3596.94 6.01762 2.98721
3592.65 5.97775 2.99709
3588.36 5.93912 3.00513
3584.09 5.90182 3.01152
3579.82 5.86588 3.01641
3575.56 5.83134 3.01998
3571.32 5.79822 3.02236
3567.08 5.76651 3.02371
3562.86 5.73621 3.02417
3558.64 5.70731 3.02385
3554.44 5.67976 3.02289
3550.24 5.65355 3.02138
3546.06 5.62862 3.01943
3541.88 5.60494 3.01713
3537.71 5.58247 3.01456
3533.56 5.56115 3.01179
3529.41 5.54092 3.00889
3525.28 5.52176 3.00592
3521.15 5.50359 3.00294
3517.03 5.48637 2.99998
3512.92 5.47004 2.99708
3508.82 5.45457 2.99429
3504.74 5.4399 2.99164
3500.66 5.42597 2.98914
3496.59 5.41276 2.98682
3492.53 5.40021 2.9847
3488.48 5.38829 2.9828
3484.44 5.37694 2.98112
3480.4 5.36614 2.97967
3476.38 5.35584 2.97847
3472.37 5.34602 2.97752
3468.36 5.33663 2.97681
3464.37 5.32765 2.97636
3460.38 5.31906 2.97616
3456.41 5.31081 2.97621
3452.44 5.30289 2.97651
3448.48 5.29526 2.97706
3444.53 5.28792 2.97785
3440.59 5.28083 2.97888
3436.66 5.27398 2.98013
3432.74 5.26735 2.98162
3428.82 5.26091 2.98332
3424.92 5.25466 2.98524
3421.02 5.24859 2.98736
3417.14 5.24266 2.98969
3413.26 5.23688 2.9922
3409.39 5.23123 2.99491
3405.53 5.2257 2.99779
3401.68 5.22029 3.00084
3397.84 5.21497 3.00405
3394 5.20975 3.00742
3390.18 5.20461 3.01094
3386.36 5.19955 3.0146
3382.55 5.19456 3.0184
3378.75 5.18965 3.02233
3374.96 5.18479 3.02638
3371.18 5.18 3.03054
3367.4 5.17525 3.03481
3363.64 5.17057 3.03919
3359.88 5.16593 3.04367
3356.13 5.16133 3.04824
3352.39 5.15678 3.05289
3348.66 5.15228 3.05763
3344.93 5.14782 3.06245
3341.22 5.1434 3.06734
3337.51 5.13902 3.0723
3333.81 5.13468 3.07733
3330.12 5.13038 3.08241
3326.44 5.12612 3.08756
3322.76 5.12191 3.09275
3319.09 5.11774 3.09801
3315.44 5.11361 3.10331
3311.79 5.10952 3.10865
3308.14 5.10549 3.11404
3304.51 5.1015 3.11948
3300.88 5.09756 3.12495
3297.26 5.09367 3.13047
3293.65 5.08983 3.13602
3290.05 5.08605 3.14162
3286.45 5.08232 3.14725
3282.87 5.07865 3.15291
3279.29 5.07504 3.15861
3275.72 5.0715 3.16435
3272.15 5.06801 3.17013
3268.6 5.0646 3.17595
3265.05 5.06125 3.1818
3261.51 5.05798 3.18769
3257.98 5.05477 3.19363
3254.45 5.05165 3.1996
3250.93 5.04859 3.20562
3247.42 5.04562 3.21168
3243.92 5.04273 3.2178
3240.43 5.03992 3.22396
3236.94 5.0372 3.23017
3233.46 5.03456 3.23644
3229.99 5.03201 3.24277
3226.52 5.02955 3.24916
3223.06 5.02718 3.25561
3219.61 5.0249 3.26213
3216.17 5.02272 3.26872
3212.74 5.02063 3.27538
3209.31 5.01864 3.28212
3205.89 5.01675 3.28894
3202.47 5.01495 3.29585
3199.07 5.01325 3.30285
3195.67 5.01165 3.30995
3192.28 5.01015 3.31714
3188.89 5.00875 3.32444
3185.51 5.00745 3.33185
3182.14 5.00625 3.33937
3178.78 5.00516 3.34701
3175.42 5.00416 3.35477
3172.08 5.00326 3.36266
3168.73 5.00246 3.37069
3165.4 5.00176 3.37886
3162.07 5.00115 3.38717
3158.75 5.00064 3.39563
3155.44 5.00023 3.40425
3152.13 4.9999 3.41304
3148.83 4.99967 3.42199
3145.54 4.99953 3.43112
3142.25 4.99948 3.44044
3138.97 4.99951 3.44993
3135.7 4.99962 3.45963
3132.43 4.99981 3.46952
3129.17 5.00008 3.47962
3125.92 5.00042 3.48994
3122.68 5.00083 3.50047
3119.44 5.00131 3.51124
3116.21 5.00185 3.52223
3112.98 5.00244 3.53347
3109.76 5.00309 3.54496
3106.55 5.00379 3.55669
3103.34 5.00454 3.5687
3100.15 5.00532 3.58096
3096.95 5.00613 3.59351
3093.77 5.00697 3.60633
3090.59 5.00783 3.61945
3087.42 5.0087 3.63286
3084.25 5.00958 3.64658
3081.09 5.01046 3.66061
3077.94 5.01133 3.67495
3074.79 5.01219 3.68962
3071.65 5.01302 3.70462
3068.52 5.01383 3.71996
3065.39 5.01459 3.73565
3062.27 5.0153 3.75169
3059.16 5.01595 3.76809
3056.05 5.01653 3.78486
3052.95 5.01703 3.802
3049.85 5.01744 3.81953
3046.76 5.01774 3.83744
3043.68 5.01794 3.85574
3040.6 5.018 3.87445
3037.53 5.01793 3.89357
3034.46 5.0177 3.9131
3031.41 5.01731 3.93305
3028.35 5.01674 3.95343
3025.31 5.01597 3.97425
3022.27 5.015 3.9955
3019.23 5.0138 4.01721
3016.21 5.01235 4.03936
3013.19 5.01065 4.06198
3010.17 5.00867 4.08506
3007.16 5.00639 4.10862
3004.16 5.0038 4.13265
3001.16 5.00087 4.15717
2998.17 4.99758 4.18218
2995.18 4.99391 4.20769
2992.2 4.98984 4.2337
2989.23 4.98534 4.26022
2986.26 4.98039 4.28725
2983.3 4.97495 4.3148
2980.34 4.969 4.34288
2977.39 4.96251 4.37149
2974.45 4.95544 4.40063
2971.51 4.94776 4.43032
2968.58 4.93942 4.46055
2965.65 4.93038 4.49133
2962.73 4.9206 4.52266
2959.81 4.91003 4.55454
2956.9 4.89862 4.58697
2954 4.8863 4.61994
2951.1 4.87301 4.65345
2948.21 4.85869 4.68749
2945.32 4.84325 4.72204
2942.44 4.82662 4.75707
2939.56 4.80871 4.79255
2936.69 4.78943 4.82844
2933.83 4.76867 4.86469
2930.97 4.74635 4.90122
2928.12 4.72235 4.93795
2925.27 4.69656 4.97476
2922.43 4.6689 5.01155
2919.59 4.63927 5.04814
2916.76 4.60758 5.08437
2913.93 4.57377 5.12003
2911.11 4.53782 5.1549
2908.3 4.49971 5.18874
2905.49 4.45949 5.22127
2902.68 4.41723 5.25225
2899.88 4.37307 5.28141
2897.09 4.32719 5.30849
2894.3 4.27981 5.33328
2891.52 4.23122 5.35559
2888.74 4.18172 5.37531
2885.97 4.13165 5.39235
2883.21 4.08134 5.40672
2880.44 4.03111 5.41846
2877.69 3.98127 5.4277
2874.94 3.9321 5.43459
2872.19 3.8838 5.43934
2869.45 3.83656 5.44217
2866.72 3.79049 5.44333
2863.99 3.74567 5.44306
2861.26 3.70212 5.44157
2858.54 3.65983 5.43909
2855.83 3.61875 5.43579
2853.12 3.57883 5.43184
2850.42 3.53999 5.42737
2847.72 3.50214 5.42249
2845.02 3.46518 5.41727
2842.34 3.42903 5.41179
2839.65 3.39361 5.40608
2836.97 3.35884 5.40018
2834.3 3.32464 5.39408
2831.63 3.29095 5.38781
2828.97 3.25773 5.38135
2826.31 3.22492 5.37471
2823.66 3.19249 5.36785
2821.01 3.1604 5.36078
2818.37 3.12864 5.35348
2815.73 3.09718 5.34593
2813.09 3.06602 5.33811
2810.47 3.03514 5.33002
2807.84 3.00454 5.32163
2805.22 2.97423 5.31294
2802.61 2.94419 5.30395
2800 2.91444 5.29463
