   2.8000000e+03   2.9197692e+00   1.1346574e+00
   2.8050000e+03   2.9740000e+00   1.1301172e+00
   2.8100000e+03   3.0301538e+00   1.1255932e+00
   2.8150000e+03   3.0863077e+00   1.1210852e+00
   2.8200000e+03   3.1441538e+00   1.1165933e+00
   2.8250000e+03   3.2045385e+00   1.1121172e+00
   2.8300000e+03   3.2649231e+00   1.1076570e+00
   2.8350000e+03   3.3283846e+00   1.1032124e+00
   2.8400000e+03   3.3926154e+00   1.0987836e+00
   2.8450000e+03   3.4586154e+00   1.0943703e+00
   2.8500000e+03   3.5316923e+00   1.0899725e+00
   2.8550000e+03   3.6047692e+00   1.0855900e+00
   2.8600000e+03   3.6836154e+00   1.0812230e+00
   2.8650000e+03   3.7663077e+00   1.0768711e+00
   2.8700000e+03   3.8490000e+00   1.0725345e+00
   2.8750000e+03   3.9401538e+00   1.0682129e+00
   2.8800000e+03   4.0313077e+00   1.0639063e+00
   2.8850000e+03   4.1191429e+00   1.0596146e+00
   2.8900000e+03   4.2020000e+00   1.0553378e+00
   2.8950000e+03   4.2848571e+00   1.0510758e+00
   2.9000000e+03   4.3657692e+00   1.0468284e+00
   2.9050000e+03   4.4453846e+00   1.0425957e+00
   2.9100000e+03   4.5250000e+00   1.0383775e+00
   2.9150000e+03   4.5825000e+00   1.0341738e+00
   2.9200000e+03   4.6400000e+00   1.0299845e+00
   2.9250000e+03   4.6945000e+00   1.0258095e+00
   2.9300000e+03   4.7370000e+00   1.0216488e+00
   2.9350000e+03   4.7795000e+00   1.0175022e+00
   2.9400000e+03   4.8168571e+00   1.0133698e+00
   2.9450000e+03   4.8465000e+00   1.0092514e+00
   2.9500000e+03   4.8761429e+00   1.0051469e+00
   2.9550000e+03   4.8993571e+00   1.0010563e+00
   2.9600000e+03   4.9182857e+00   9.9697957e-01
   2.9650000e+03   4.9372143e+00   9.9291659e-01
   2.9700000e+03   4.9512857e+00   9.8886724e-01
   2.9750000e+03   4.9641429e+00   9.8483155e-01
   2.9800000e+03   4.9770000e+00   9.8080935e-01
   2.9850000e+03   4.9843333e+00   9.7680065e-01
   2.9900000e+03   4.9916667e+00   9.7280538e-01
   2.9950000e+03   4.9990000e+00   9.6882342e-01
   3.0000000e+03   5.0036429e+00   9.6485477e-01
   3.0050000e+03   5.0082857e+00   9.6089927e-01
   3.0100000e+03   5.0125333e+00   9.5695696e-01
   3.0150000e+03   5.0152000e+00   9.5302771e-01
   3.0200000e+03   5.0178667e+00   9.4911146e-01
   3.0250000e+03   5.0200667e+00   9.4520817e-01
   3.0300000e+03   5.0204000e+00   9.4131776e-01
   3.0350000e+03   5.0207333e+00   9.3744015e-01
   3.0400000e+03   5.0209333e+00   9.3357533e-01
   3.0450000e+03   5.0206000e+00   9.2972318e-01
   3.0500000e+03   5.0202667e+00   9.2588366e-01
   3.0550000e+03   5.0198667e+00   9.2205670e-01
   3.0600000e+03   5.0192000e+00   9.1824226e-01
   3.0650000e+03   5.0185333e+00   9.1444027e-01
   3.0700000e+03   5.0178000e+00   9.1065067e-01
   3.0750000e+03   5.0168000e+00   9.0687336e-01
   3.0800000e+03   5.0158000e+00   9.0310836e-01
   3.0850000e+03   5.0146875e+00   8.9935551e-01
   3.0900000e+03   5.0131250e+00   8.9561486e-01
   3.0950000e+03   5.0115625e+00   8.9188627e-01
   3.1000000e+03   5.0100000e+00   8.8816971e-01
   3.1050000e+03   5.0096667e+00   8.8446511e-01
   3.1100000e+03   5.0093333e+00   8.8077243e-01
   3.1150000e+03   5.0090000e+00   8.7709159e-01
   3.1200000e+03   5.0093125e+00   8.7342259e-01
   3.1250000e+03   5.0096250e+00   8.6976528e-01
   3.1300000e+03   5.0099375e+00   8.6611969e-01
   3.1350000e+03   5.0097500e+00   8.6248572e-01
   3.1400000e+03   5.0094375e+00   8.5886329e-01
   3.1450000e+03   5.0091250e+00   8.5525241e-01
   3.1500000e+03   5.0095625e+00   8.5165301e-01
   3.1550000e+03   5.0105000e+00   8.4806499e-01
   3.1600000e+03   5.0114375e+00   8.4448834e-01
   3.1650000e+03   5.0125000e+00   8.4092298e-01
   3.1700000e+03   5.0137500e+00   8.3736887e-01
   3.1750000e+03   5.0150000e+00   8.3382597e-01
   3.1800000e+03   5.0163125e+00   8.3029418e-01
   3.1850000e+03   5.0178750e+00   8.2677350e-01
   3.1900000e+03   5.0194375e+00   8.2326385e-01
   3.1950000e+03   5.0210000e+00   8.1976521e-01
   3.2000000e+03   5.0233529e+00   8.1627747e-01
   3.2050000e+03   5.0257059e+00   8.1280063e-01
   3.2100000e+03   5.0280588e+00   8.0933459e-01
   3.2150000e+03   5.0309412e+00   8.0587938e-01
   3.2200000e+03   5.0341765e+00   8.0243486e-01
   3.2250000e+03   5.0374118e+00   7.9900104e-01
   3.2300000e+03   5.0407059e+00   7.9557784e-01
   3.2350000e+03   5.0442353e+00   7.9216522e-01
   3.2400000e+03   5.0477647e+00   7.8876314e-01
   3.2450000e+03   5.0512941e+00   7.8537155e-01
   3.2500000e+03   5.0550588e+00   7.8199039e-01
   3.2550000e+03   5.0588824e+00   7.7861964e-01
   3.2600000e+03   5.0627059e+00   7.7525920e-01
   3.2650000e+03   5.0666471e+00   7.7190905e-01
   3.2700000e+03   5.0707647e+00   7.6856918e-01
   3.2750000e+03   5.0748824e+00   7.6523945e-01
   3.2800000e+03   5.0790000e+00   7.6191993e-01
   3.2850000e+03   5.0837059e+00   7.5861049e-01
   3.2900000e+03   5.0884118e+00   7.5531111e-01
   3.2950000e+03   5.0931176e+00   7.5202173e-01
   3.3000000e+03   5.0983333e+00   7.4874233e-01
   3.3050000e+03   5.1038889e+00   7.4547287e-01
   3.3100000e+03   5.1094444e+00   7.4221327e-01
   3.3150000e+03   5.1150000e+00   7.3896348e-01
   3.3200000e+03   5.1202778e+00   7.3572353e-01
   3.3250000e+03   5.1255556e+00   7.3249328e-01
   3.3300000e+03   5.1308333e+00   7.2927275e-01
   3.3350000e+03   5.1364444e+00   7.2606189e-01
   3.3400000e+03   5.1425556e+00   7.2286063e-01
   3.3450000e+03   5.1486667e+00   7.1966891e-01
   3.3500000e+03   5.1547778e+00   7.1648673e-01
   3.3550000e+03   5.1611111e+00   7.1331406e-01
   3.3600000e+03   5.1675000e+00   7.1015084e-01
   3.3650000e+03   5.1738889e+00   7.0699701e-01
   3.3700000e+03   5.1803158e+00   7.0385252e-01
   3.3750000e+03   5.1868947e+00   7.0071734e-01
   3.3800000e+03   5.1934737e+00   6.9759147e-01
   3.3850000e+03   5.2000526e+00   6.9447482e-01
   3.3900000e+03   5.2070000e+00   6.9136735e-01
   3.3950000e+03   5.2145000e+00   6.8826905e-01
   3.4000000e+03   5.2220000e+00   6.8517987e-01
   3.4050000e+03   5.2295000e+00   6.8209975e-01
   3.4100000e+03   5.2373158e+00   6.7902864e-01
   3.4150000e+03   5.2452105e+00   6.7596653e-01
   3.4200000e+03   5.2531053e+00   6.7291343e-01
   3.4250000e+03   5.2610000e+00   6.6986920e-01
   3.4300000e+03   5.2702105e+00   6.6683383e-01
   3.4350000e+03   5.2794211e+00   6.6380732e-01
   3.4400000e+03   5.2886316e+00   6.6078961e-01
   3.4450000e+03   5.2981053e+00   6.5778065e-01
   3.4500000e+03   5.3086316e+00   6.5478042e-01
   3.4550000e+03   5.3191579e+00   6.5178885e-01
   3.4600000e+03   5.3296842e+00   6.4880595e-01
   3.4650000e+03   5.3407000e+00   6.4583166e-01
   3.4700000e+03   5.3524500e+00   6.4286592e-01
   3.4750000e+03   5.3642000e+00   6.3990874e-01
   3.4800000e+03   5.3759500e+00   6.3696005e-01
   3.4850000e+03   5.3892105e+00   6.3401980e-01
   3.4900000e+03   5.4047368e+00   6.3108801e-01
   3.4950000e+03   5.4202632e+00   6.2816459e-01
   3.5000000e+03   5.4357895e+00   6.2524954e-01
   3.5050000e+03   5.4529500e+00   6.2234276e-01
   3.5100000e+03   5.4712000e+00   6.1944433e-01
   3.5150000e+03   5.4894500e+00   6.1655407e-01
   3.5200000e+03   5.5077000e+00   6.1367208e-01
   3.5250000e+03   5.5292500e+00   6.1079822e-01
   3.5300000e+03   5.5530000e+00   6.0793254e-01
   3.5350000e+03   5.5767500e+00   6.0507496e-01
   3.5400000e+03   5.6005000e+00   6.0222543e-01
   3.5450000e+03   5.6275714e+00   5.9938396e-01
   3.5500000e+03   5.6568571e+00   5.9655049e-01
   3.5550000e+03   5.6861429e+00   5.9372500e-01
   3.5600000e+03   5.7154286e+00   5.9090745e-01
   3.5650000e+03   5.7491000e+00   5.8809778e-01
   3.5700000e+03   5.7893500e+00   5.8529596e-01
   3.5750000e+03   5.8296000e+00   5.8250201e-01
   3.5800000e+03   5.8698500e+00   5.7971586e-01
   3.5850000e+03   5.9125714e+00   5.7693750e-01
   3.5900000e+03   5.9590000e+00   5.7416685e-01
   3.5950000e+03   6.0054286e+00   5.7140390e-01
   3.6000000e+03   6.0518571e+00   5.6864866e-01
   3.6050000e+03   6.0994286e+00   5.6590104e-01
   3.6100000e+03   6.1515714e+00   5.6316103e-01
   3.6150000e+03   6.2037143e+00   5.6042861e-01
   3.6200000e+03   6.2558571e+00   5.5770372e-01
   3.6250000e+03   6.3080000e+00   5.5498639e-01
   3.6300000e+03   6.3566364e+00   5.5227652e-01
   3.6350000e+03   6.4052727e+00   5.4957410e-01
   3.6400000e+03   6.4539091e+00   5.4687910e-01
   3.6450000e+03   6.5025455e+00   5.4419149e-01
   3.6500000e+03   6.5467143e+00   5.4151126e-01
   3.6550000e+03   6.5879048e+00   5.3883835e-01
   3.6600000e+03   6.6290952e+00   5.3617273e-01
   3.6650000e+03   6.6702857e+00   5.3351441e-01
   3.6700000e+03   6.7041818e+00   5.3086333e-01
   3.6750000e+03   6.7271364e+00   5.2821947e-01
   3.6800000e+03   6.7500909e+00   5.2558276e-01
   3.6850000e+03   6.7730455e+00   5.2295324e-01
   3.6900000e+03   6.7960000e+00   5.2033083e-01
   3.6950000e+03   6.8035000e+00   5.1771551e-01
   3.7000000e+03   6.8110000e+00   5.1510731e-01
   3.7050000e+03   6.8185000e+00   5.1250608e-01
   3.7100000e+03   6.8260000e+00   5.0991189e-01
   3.7150000e+03   6.8249091e+00   5.0732470e-01
   3.7200000e+03   6.8180909e+00   5.0474445e-01
   3.7250000e+03   6.8112727e+00   5.0217112e-01
   3.7300000e+03   6.8044545e+00   4.9960470e-01
   3.7350000e+03   6.7950870e+00   4.9704515e-01
   3.7400000e+03   6.7755217e+00   4.9449243e-01
   3.7450000e+03   6.7559565e+00   4.9194656e-01
   3.7500000e+03   6.7363913e+00   4.8940742e-01
   3.7550000e+03   6.7168261e+00   4.8687509e-01
   3.7600000e+03   6.6928261e+00   4.8434947e-01
   3.7650000e+03   6.6658696e+00   4.8183059e-01
   3.7700000e+03   6.6389130e+00   4.7931835e-01
   3.7750000e+03   6.6119565e+00   4.7681280e-01
   3.7800000e+03   6.5850000e+00   4.7431386e-01
   3.7850000e+03   6.5560870e+00   4.7182155e-01
   3.7900000e+03   6.5271739e+00   4.6933577e-01
   3.7950000e+03   6.4982609e+00   4.6685658e-01
   3.8000000e+03   6.4693478e+00   4.6438390e-01
   3.8050000e+03   6.4440000e+00   4.6191770e-01
   3.8100000e+03   6.4240000e+00   4.5945799e-01
   3.8150000e+03   6.4040000e+00   4.5700476e-01
   3.8200000e+03   6.3840000e+00   4.5455790e-01
   3.8250000e+03   6.3640000e+00   4.5211743e-01
   3.8300000e+03   6.3440000e+00   4.4968338e-01
   3.8350000e+03   6.3240000e+00   4.4725563e-01
   3.8400000e+03   6.2857692e+00   4.4483426e-01
   3.8450000e+03   6.2353846e+00   4.4241913e-01
   3.8500000e+03   6.1850000e+00   4.4001031e-01
   3.8550000e+03   6.1604000e+00   4.3760774e-01
   3.8600000e+03   6.1358000e+00   4.3521137e-01
   3.8650000e+03   6.1112000e+00   4.3282122e-01
   3.8700000e+03   6.0866000e+00   4.3043725e-01
   3.8750000e+03   6.0620000e+00   4.2805939e-01
   3.8800000e+03   6.0382500e+00   4.2568770e-01
   3.8850000e+03   6.0145000e+00   4.2332208e-01
   3.8900000e+03   5.9907500e+00   4.2096258e-01
   3.8950000e+03   5.9670000e+00   4.1860912e-01
   3.9000000e+03   5.9437600e+00   4.1626170e-01
   3.9050000e+03   5.9225600e+00   4.1392028e-01
   3.9100000e+03   5.9013600e+00   4.1158487e-01
   3.9150000e+03   5.8801600e+00   4.0925541e-01
   3.9200000e+03   5.8589600e+00   4.0693188e-01
   3.9250000e+03   5.8380800e+00   4.0461428e-01
   3.9300000e+03   5.8184800e+00   4.0230257e-01
   3.9350000e+03   5.7988800e+00   3.9999673e-01
   3.9400000e+03   5.7792800e+00   3.9769679e-01
   3.9450000e+03   5.7596800e+00   3.9540266e-01
   3.9500000e+03   5.7404000e+00   3.9311430e-01
   3.9550000e+03   5.7224000e+00   3.9083176e-01
   3.9600000e+03   5.7044000e+00   3.8855499e-01
   3.9650000e+03   5.6864000e+00   3.8628393e-01
   3.9700000e+03   5.6684000e+00   3.8401860e-01
   3.9750000e+03   5.6507692e+00   3.8175899e-01
   3.9800000e+03   5.6346154e+00   3.7950503e-01
   3.9850000e+03   5.6184615e+00   3.7725674e-01
   3.9900000e+03   5.6023077e+00   3.7501410e-01
   3.9950000e+03   5.5861538e+00   3.7277707e-01
   4.0000000e+03   5.5700000e+00   3.7054562e-01
   4.0100000e+03   5.5392000e+00   3.6609939e-01
   4.0200000e+03   5.5084000e+00   3.6167531e-01
   4.0300000e+03   5.4794815e+00   3.5727321e-01
   4.0400000e+03   5.4524444e+00   3.5289285e-01
   4.0500000e+03   5.4254074e+00   3.4853416e-01
   4.0600000e+03   5.3981538e+00   3.4419692e-01
   4.0700000e+03   5.3708462e+00   3.3988100e-01
   4.0800000e+03   5.3441852e+00   3.3558623e-01
   4.0900000e+03   5.3201111e+00   3.3131248e-01
   4.1000000e+03   5.2960370e+00   3.2705959e-01
   4.1100000e+03   5.2729286e+00   3.2282734e-01
   4.1200000e+03   5.2507857e+00   3.1861569e-01
   4.1300000e+03   5.2286429e+00   3.1442440e-01
   4.1400000e+03   5.2075000e+00   3.1025337e-01
   4.1500000e+03   5.1867857e+00   3.0610245e-01
   4.1600000e+03   5.1660714e+00   3.0197149e-01
   4.1700000e+03   5.1463214e+00   2.9786031e-01
   4.1800000e+03   5.1266786e+00   2.9376883e-01
   4.1900000e+03   5.1071786e+00   2.8969687e-01
   4.2000000e+03   5.0889643e+00   2.8564430e-01
   4.2100000e+03   5.0707500e+00   2.8161098e-01
   4.2200000e+03   5.0529310e+00   2.7759678e-01
   4.2300000e+03   5.0360345e+00   2.7360156e-01
   4.2400000e+03   5.0191379e+00   2.6962518e-01
   4.2500000e+03   5.0023793e+00   2.6566753e-01
   4.2600000e+03   4.9858276e+00   2.6172843e-01
   4.2700000e+03   4.9692759e+00   2.5780780e-01
   4.2800000e+03   4.9535000e+00   2.5390550e-01
   4.2900000e+03   4.9385000e+00   2.5002137e-01
   4.3000000e+03   4.9235000e+00   2.4615532e-01
   4.3100000e+03   4.9086667e+00   2.4230719e-01
   4.3200000e+03   4.8940000e+00   2.3847692e-01
   4.3300000e+03   4.8793333e+00   2.3466430e-01
   4.3400000e+03   4.8653871e+00   2.3086927e-01
   4.3500000e+03   4.8521613e+00   2.2709166e-01
   4.3600000e+03   4.8389355e+00   2.2333140e-01
   4.3700000e+03   4.8258387e+00   2.1958837e-01
   4.3800000e+03   4.8129355e+00   2.1586239e-01
   4.3900000e+03   4.8000323e+00   2.1215341e-01
   4.4000000e+03   4.7873226e+00   2.0846130e-01
   4.4100000e+03   4.7750645e+00   2.0478591e-01
   4.4200000e+03   4.7628065e+00   2.0112717e-01
   4.4300000e+03   4.7508125e+00   1.9748493e-01
   4.4400000e+03   4.7398750e+00   1.9385911e-01
   4.4500000e+03   4.7289375e+00   1.9024957e-01
   4.4600000e+03   4.7180000e+00   1.8665623e-01
   4.4700000e+03   4.7067500e+00   1.8307897e-01
   4.4800000e+03   4.6955000e+00   1.7951767e-01
   4.4900000e+03   4.6842500e+00   1.7597224e-01
   4.5000000e+03   4.6737576e+00   1.7244257e-01
   4.5100000e+03   4.6634545e+00   1.6892854e-01
   4.5200000e+03   4.6531515e+00   1.6543006e-01
   4.5300000e+03   4.6430000e+00   1.6194703e-01
   4.5400000e+03   4.6330000e+00   1.5847935e-01
   4.5500000e+03   4.6230000e+00   1.5502690e-01
   4.5600000e+03   4.6131176e+00   1.5158961e-01
   4.5700000e+03   4.6037059e+00   1.4816735e-01
   4.5800000e+03   4.5942941e+00   1.4476004e-01
   4.5900000e+03   4.5848824e+00   1.4136757e-01
   4.6000000e+03   4.5759412e+00   1.3798985e-01
   4.6100000e+03   4.5671176e+00   1.3462679e-01
   4.6200000e+03   4.5582941e+00   1.3127829e-01
   4.6300000e+03   4.5494571e+00   1.2794425e-01
   4.6400000e+03   4.5406000e+00   1.2462458e-01
   4.6500000e+03   4.5317429e+00   1.2131919e-01
   4.6600000e+03   4.5228857e+00   1.1802798e-01
   4.6700000e+03   4.5150571e+00   1.1475088e-01
   4.6800000e+03   4.5073429e+00   1.1148778e-01
   4.6900000e+03   4.4996286e+00   1.0823859e-01
   4.7000000e+03   4.4917778e+00   1.0500322e-01
   4.7100000e+03   4.4837222e+00   1.0178160e-01
   4.7200000e+03   4.4756667e+00   9.8573625e-02
   4.7300000e+03   4.4676111e+00   9.5379218e-02
   4.7400000e+03   4.4608108e+00   9.2198285e-02
   4.7500000e+03   4.4543243e+00   8.9030748e-02
   4.7600000e+03   4.4478378e+00   8.5876519e-02
   4.7700000e+03   4.4412973e+00   8.2735518e-02
   4.7800000e+03   4.4342703e+00   7.9607658e-02
   4.7900000e+03   4.4272432e+00   7.6651344e-02
   4.8000000e+03   4.4202162e+00   7.5245455e-02
   4.8100000e+03   4.4132973e+00   7.5414098e-02
   4.8200000e+03   4.4065405e+00   7.4198544e-02
   4.8300000e+03   4.3997838e+00   7.2857229e-02
   4.8400000e+03   4.3930270e+00   7.1545600e-02
   4.8500000e+03   4.3865789e+00   7.0262849e-02
   4.8600000e+03   4.3802632e+00   6.9641244e-02
   4.8700000e+03   4.3739474e+00   6.9337546e-02
   4.8800000e+03   4.3676316e+00   6.8109307e-02
   4.8900000e+03   4.3614615e+00   6.6993534e-02
   4.9000000e+03   4.3553077e+00   6.7141601e-02
   4.9100000e+03   4.3491538e+00   6.6069283e-02
   4.9200000e+03   4.3430000e+00   6.4920476e-02
   4.9300000e+03   4.3371026e+00   6.4585423e-02
   4.9400000e+03   4.3312051e+00   6.4110637e-02
   4.9500000e+03   4.3253077e+00   6.3412187e-02
   4.9600000e+03   4.3194500e+00   6.3351967e-02
   4.9700000e+03   4.3139500e+00   6.2271350e-02
   4.9800000e+03   4.3084500e+00   6.2394203e-02
   4.9900000e+03   4.3029500e+00   6.1565714e-02
   5.0000000e+03   4.2974878e+00   6.0530535e-02
   5.0100000e+03   4.2923659e+00   5.9516411e-02
   5.0200000e+03   4.2872439e+00   5.8790859e-02
   5.0300000e+03   4.2821220e+00   5.8870852e-02
   5.0400000e+03   4.2770000e+00   5.7898054e-02
   5.0500000e+03   4.2716341e+00   5.6945446e-02
   5.0600000e+03   4.2662683e+00   5.6663664e-02
   5.0700000e+03   4.2609024e+00   5.6784375e-02
   5.0800000e+03   4.2555366e+00   5.6716976e-02
   5.0900000e+03   4.2507143e+00   5.5797105e-02
   5.1000000e+03   4.2459524e+00   5.4898411e-02
   5.1100000e+03   4.2411905e+00   5.4017032e-02
   5.1200000e+03   4.2364286e+00   5.3609084e-02
   5.1300000e+03   4.2317442e+00   5.3485434e-02
   5.1400000e+03   4.2270930e+00   5.2634948e-02
   5.1500000e+03   4.2224419e+00   5.2736379e-02
   5.1600000e+03   4.2177907e+00   5.2160994e-02
   5.1700000e+03   4.2132326e+00   5.1768016e-02
   5.1800000e+03   4.2088140e+00   5.1530229e-02
   5.1900000e+03   4.2043953e+00   4.9833690e-02
   5.2000000e+03   4.1999767e+00   4.9778683e-02
   5.2100000e+03   4.1955778e+00   4.9337074e-02
   5.2200000e+03   4.1913556e+00   4.8862511e-02
   5.2300000e+03   4.1871333e+00   4.8932182e-02
   5.2400000e+03   4.1829111e+00   4.8187826e-02
   5.2500000e+03   4.1786889e+00   4.7457230e-02
   5.2600000e+03   4.1746000e+00   4.6739519e-02
   5.2700000e+03   4.1706000e+00   4.6115183e-02
   5.2800000e+03   4.1666000e+00   4.6209264e-02
   5.2900000e+03   4.1626000e+00   4.5694145e-02
   5.3000000e+03   4.1585778e+00   4.5014141e-02
   5.3100000e+03   4.1543556e+00   4.4427383e-02
   5.3200000e+03   4.1501333e+00   4.4517294e-02
   5.3300000e+03   4.1459111e+00   4.4048496e-02
   5.3400000e+03   4.1416889e+00   4.3693574e-02
   5.3500000e+03   4.1378298e+00   4.3725002e-02
   5.3600000e+03   4.1342128e+00   4.3090762e-02
   5.3700000e+03   4.1305957e+00   4.2467933e-02
   5.3800000e+03   4.1269787e+00   4.2089820e-02
   5.3900000e+03   4.1233617e+00   4.2173746e-02
   5.4000000e+03   4.1197447e+00   4.1598472e-02
   5.4100000e+03   4.1161277e+00   4.1391186e-02
   5.4200000e+03   4.1125106e+00   4.1351563e-02
   5.4300000e+03   4.1088936e+00   4.0767241e-02
   5.4400000e+03   4.1052917e+00   4.0194194e-02
   5.4500000e+03   4.1017500e+00   3.9867352e-02
   5.4600000e+03   4.0982083e+00   3.9945753e-02
   5.4700000e+03   4.0946667e+00   3.9417728e-02
   5.4800000e+03   4.0911250e+00   3.9202403e-02
   5.4900000e+03   4.0876939e+00   3.9213679e-02
   5.5000000e+03   4.0844286e+00   3.8894153e-02
   5.5100000e+03   4.0811633e+00   3.8213350e-02
   5.5200000e+03   4.0778980e+00   3.7535016e-02
   5.5300000e+03   4.0746327e+00   3.6931094e-02
   5.5400000e+03   4.0714000e+00   3.6370643e-02
   5.5500000e+03   4.0682000e+00   3.5812211e-02
   5.5600000e+03   4.0650000e+00   3.5227813e-02
   5.5700000e+03   4.0618000e+00   3.4601041e-02
   5.5800000e+03   4.0586000e+00   3.3976513e-02
   5.5900000e+03   4.0555294e+00   3.3427684e-02
   5.6000000e+03   4.0525882e+00   3.3330913e-02
   5.6100000e+03   4.0496471e+00   3.3234487e-02
   5.6200000e+03   4.0467059e+00   3.3138404e-02
   5.6300000e+03   4.0437647e+00   3.3051820e-02
   5.6400000e+03   4.0407451e+00   3.2966750e-02
   5.6500000e+03   4.0376078e+00   3.2881981e-02
   5.6600000e+03   4.0344706e+00   3.2795604e-02
   5.6700000e+03   4.0313333e+00   3.2708400e-02
   5.6800000e+03   4.0281961e+00   3.2621505e-02
   5.6900000e+03   4.0251623e+00   3.2536104e-02
   5.7000000e+03   4.0223698e+00   3.2453023e-02
   5.7100000e+03   4.0195774e+00   3.2370233e-02
   5.7200000e+03   4.0167849e+00   3.2273743e-02
   5.7300000e+03   4.0139925e+00   3.2068839e-02
   5.7400000e+03   4.0112000e+00   3.1864648e-02
   5.7500000e+03   4.0085704e+00   3.1661167e-02
   5.7600000e+03   4.0059407e+00   3.1469478e-02
   5.7700000e+03   4.0033111e+00   3.1280244e-02
   5.7800000e+03   4.0006815e+00   3.1091665e-02
   5.7900000e+03   3.9980519e+00   3.0907440e-02
   5.8000000e+03   3.9954444e+00   3.0726234e-02
   5.8100000e+03   3.9928519e+00   3.0545652e-02
   5.8200000e+03   3.9902593e+00   3.0370904e-02
   5.8300000e+03   3.9876667e+00   3.0206220e-02
   5.8400000e+03   3.9850741e+00   3.0042100e-02
   5.8500000e+03   3.9825000e+00   2.9889529e-02
   5.8600000e+03   3.9800000e+00   2.9834151e-02
   5.8700000e+03   3.9775000e+00   2.9778963e-02
   5.8800000e+03   3.9750000e+00   2.9723962e-02
   5.8900000e+03   3.9725000e+00   2.9674017e-02
   5.9000000e+03   3.9700000e+00   2.9625135e-02
   5.9100000e+03   3.9676316e+00   2.9576416e-02
   5.9200000e+03   3.9653509e+00   2.9304493e-02
   5.9300000e+03   3.9630702e+00   2.8877694e-02
   5.9400000e+03   3.9607895e+00   2.8452331e-02
   5.9500000e+03   3.9585088e+00   2.8017213e-02
   5.9600000e+03   3.9562281e+00   2.7562523e-02
   5.9700000e+03   3.9539828e+00   2.7109355e-02
   5.9800000e+03   3.9517414e+00   2.6662841e-02
   5.9900000e+03   3.9495000e+00   2.6259961e-02
   6.0000000e+03   3.9472586e+00   2.5858422e-02
   6.0100000e+03   3.9450172e+00   2.5458221e-02
   6.0200000e+03   3.9427966e+00   2.5153019e-02
   6.0300000e+03   3.9407627e+00   2.4862778e-02
   6.0400000e+03   3.9387288e+00   2.4573498e-02
   6.0500000e+03   3.9366949e+00   2.4412384e-02
   6.0600000e+03   3.9346610e+00   2.4326937e-02
   6.0700000e+03   3.9326271e+00   2.4241770e-02
   6.0800000e+03   3.9305667e+00   2.4155578e-02
   6.0900000e+03   3.9284000e+00   2.4067498e-02
   6.1000000e+03   3.9262333e+00   2.3979708e-02
   6.1100000e+03   3.9240667e+00   2.3893405e-02
   6.1200000e+03   3.9219000e+00   2.3815971e-02
   6.1300000e+03   3.9197333e+00   2.3738791e-02
   6.1400000e+03   3.9176066e+00   2.3661861e-02
   6.1500000e+03   3.9156393e+00   2.3533527e-02
   6.1600000e+03   3.9136721e+00   2.3397868e-02
   6.1700000e+03   3.9117049e+00   2.3262650e-02
   6.1800000e+03   3.9097377e+00   2.3031608e-02
   6.1900000e+03   3.9077705e+00   2.2742460e-02
   6.2000000e+03   3.9057937e+00   2.2454243e-02
   6.2100000e+03   3.9037302e+00   2.2231008e-02
   6.2200000e+03   3.9016667e+00   2.2111990e-02
   6.2300000e+03   3.8996032e+00   2.1993353e-02
   6.2400000e+03   3.8975397e+00   2.1862971e-02
   6.2500000e+03   3.8954762e+00   2.1653808e-02
   6.2600000e+03   3.8934127e+00   2.1445314e-02
   6.2700000e+03   3.8916250e+00   2.1237484e-02
   6.2800000e+03   3.8899063e+00   2.0994581e-02
   6.2900000e+03   3.8881875e+00   2.0748070e-02
   6.3000000e+03   3.8864688e+00   2.0502343e-02
   6.3100000e+03   3.8847500e+00   2.0269945e-02
   6.3200000e+03   3.8830313e+00   2.0044959e-02
   6.3300000e+03   3.8812615e+00   1.9820682e-02
   6.3400000e+03   3.8794154e+00   1.9551644e-02
   6.3500000e+03   3.8775692e+00   1.9219274e-02
   6.3600000e+03   3.8757231e+00   1.8887950e-02
   6.3700000e+03   3.8738769e+00   1.8541997e-02
   6.3800000e+03   3.8720308e+00   1.8129067e-02
   6.3900000e+03   3.8701846e+00   1.7717432e-02
   6.4000000e+03   3.8683881e+00   1.7307083e-02
   6.4100000e+03   3.8665970e+00   1.7157436e-02
   6.4200000e+03   3.8648060e+00   1.7016073e-02
   6.4300000e+03   3.8630149e+00   1.6875149e-02
   6.4400000e+03   3.8612239e+00   1.6782607e-02
   6.4500000e+03   3.8594328e+00   1.6708173e-02
   6.4600000e+03   3.8576765e+00   1.6633971e-02
   6.4700000e+03   3.8560588e+00   1.6562395e-02
   6.4800000e+03   3.8544412e+00   1.6493645e-02
   6.4900000e+03   3.8528235e+00   1.6425105e-02
   6.5000000e+03   3.8512059e+00   1.6363358e-02
   6.5100000e+03   3.8495882e+00   1.6323782e-02
   6.5200000e+03   3.8479706e+00   1.6284328e-02
   6.5300000e+03   3.8464203e+00   1.6244993e-02
   6.5400000e+03   3.8449710e+00   1.6205777e-02
   6.5500000e+03   3.8435217e+00   1.6166681e-02
   6.5600000e+03   3.8420725e+00   1.6127704e-02
   6.5700000e+03   3.8406232e+00   1.6090823e-02
   6.5800000e+03   3.8391739e+00   1.6054804e-02
   6.5900000e+03   3.8377246e+00   1.6018896e-02
   6.6000000e+03   3.8362254e+00   1.5939169e-02
   6.6100000e+03   3.8346761e+00   1.5810500e-02
   6.6200000e+03   3.8331268e+00   1.5682220e-02
   6.6300000e+03   3.8315775e+00   1.5548434e-02
   6.6400000e+03   3.8300282e+00   1.5395284e-02
   6.6500000e+03   3.8284789e+00   1.5242594e-02
   6.6600000e+03   3.8269296e+00   1.5090363e-02
   6.6700000e+03   3.8253889e+00   1.4942694e-02
   6.6800000e+03   3.8238611e+00   1.4795503e-02
   6.6900000e+03   3.8223333e+00   1.4648753e-02
   6.7000000e+03   3.8208056e+00   1.4503444e-02
   6.7100000e+03   3.8192778e+00   1.4358898e-02
   6.7200000e+03   3.8177500e+00   1.4214781e-02
   6.7300000e+03   3.8162222e+00   1.4088463e-02
   6.7400000e+03   3.8147297e+00   1.3978879e-02
   6.7500000e+03   3.8133784e+00   1.3869620e-02
   6.7600000e+03   3.8120270e+00   1.3774553e-02
   6.7700000e+03   3.8106757e+00   1.3716703e-02
   6.7800000e+03   3.8093243e+00   1.3659022e-02
   6.7900000e+03   3.8079730e+00   1.3600328e-02
   6.8000000e+03   3.8066216e+00   1.3492475e-02
   6.8100000e+03   3.8052703e+00   1.3384937e-02
   6.8200000e+03   3.8040526e+00   1.3277716e-02
   6.8300000e+03   3.8028684e+00   1.3230512e-02
   6.8400000e+03   3.8016842e+00   1.3200115e-02
   6.8500000e+03   3.8005000e+00   1.3169806e-02
   6.8600000e+03   3.7993158e+00   1.3138914e-02
   6.8700000e+03   3.7981316e+00   1.3107514e-02
   6.8800000e+03   3.7969474e+00   1.3076205e-02
   6.8900000e+03   3.7957662e+00   1.3038632e-02
   6.9000000e+03   3.7945974e+00   1.2984488e-02
   6.9100000e+03   3.7934286e+00   1.2930501e-02
   6.9200000e+03   3.7922597e+00   1.2876643e-02
   6.9300000e+03   3.7910909e+00   1.2821949e-02
   6.9400000e+03   3.7899221e+00   1.2767412e-02
   6.9500000e+03   3.7887532e+00   1.2713032e-02
   6.9600000e+03   3.7875844e+00   1.2622695e-02
   6.9700000e+03   3.7864375e+00   1.2522266e-02
   6.9800000e+03   3.7853125e+00   1.2422125e-02
   6.9900000e+03   3.7841875e+00   1.2309692e-02
   7.0000000e+03   3.7830625e+00   1.2186666e-02
   7.0100000e+03   3.7819375e+00   1.2063991e-02
   7.0200000e+03   3.7808125e+00   1.1962853e-02
   7.0300000e+03   3.7796875e+00   1.1912131e-02
   7.0400000e+03   3.7785625e+00   1.1861553e-02
   7.0500000e+03   3.7773827e+00   1.1809977e-02
   7.0600000e+03   3.7761481e+00   1.1735747e-02
   7.0700000e+03   3.7749136e+00   1.1661726e-02
   7.0800000e+03   3.7736790e+00   1.1587915e-02
   7.0900000e+03   3.7724444e+00   1.1533475e-02
   7.1000000e+03   3.7712099e+00   1.1483913e-02
   7.1100000e+03   3.7699753e+00   1.1434491e-02
   7.1200000e+03   3.7687407e+00   1.1384635e-02
   7.1300000e+03   3.7676585e+00   1.1334456e-02
   7.1400000e+03   3.7668049e+00   1.1284417e-02
   7.1500000e+03   3.7659512e+00   1.1241225e-02
   7.1600000e+03   3.7650976e+00   1.1213527e-02
   7.1700000e+03   3.7642439e+00   1.1185907e-02
   7.1800000e+03   3.7633902e+00   1.1156128e-02
   7.1900000e+03   3.7625366e+00   1.1084448e-02
   7.2000000e+03   3.7616829e+00   1.1012967e-02
   7.2100000e+03   3.7607882e+00   1.0941684e-02
   7.2200000e+03   3.7597294e+00   1.0888998e-02
   7.2300000e+03   3.7586706e+00   1.0840911e-02
   7.2400000e+03   3.7576118e+00   1.0792956e-02
   7.2500000e+03   3.7565529e+00   1.0709399e-02
   7.2600000e+03   3.7554941e+00   1.0597528e-02
   7.2700000e+03   3.7544353e+00   1.0485964e-02
   7.2800000e+03   3.7533765e+00   1.0395060e-02
   7.2900000e+03   3.7523176e+00   1.0348136e-02
   7.3000000e+03   3.7514368e+00   1.0301340e-02
   7.3100000e+03   3.7506322e+00   1.0255959e-02
   7.3200000e+03   3.7498276e+00   1.0228288e-02
   7.3300000e+03   3.7490230e+00   1.0200693e-02
   7.3400000e+03   3.7482184e+00   1.0173172e-02
   7.3500000e+03   3.7474138e+00   1.0097192e-02
   7.3600000e+03   3.7466092e+00   1.0010423e-02
   7.3700000e+03   3.7458046e+00   9.9238889e-03
   7.3800000e+03   3.7450000e+00   9.8374073e-03
   7.3900000e+03   3.7439888e+00   9.7510240e-03
   7.4000000e+03   3.7429775e+00   9.6648741e-03
   7.4100000e+03   3.7419663e+00   9.5920604e-03
   7.4200000e+03   3.7409551e+00   9.5458681e-03
   7.4300000e+03   3.7399438e+00   9.4997999e-03
   7.4400000e+03   3.7389326e+00   9.4538428e-03
   7.4500000e+03   3.7379213e+00   9.4078659e-03
   7.4600000e+03   3.7369101e+00   9.3620124e-03
   7.4700000e+03   3.7359121e+00   9.3162817e-03
   7.4800000e+03   3.7350330e+00   9.2548991e-03
   7.4900000e+03   3.7341538e+00   9.1905157e-03
   7.5000000e+03   3.7332747e+00   9.1263038e-03
   7.5100000e+03   3.7323956e+00   9.0731871e-03
   7.5200000e+03   3.7315165e+00   9.0278845e-03
   7.5300000e+03   3.7306374e+00   8.9827020e-03
   7.5400000e+03   3.7297582e+00   8.9186655e-03
   7.5500000e+03   3.7288791e+00   8.8176524e-03
   7.5600000e+03   3.7280000e+00   8.7169065e-03
   7.5700000e+03   3.7272473e+00   8.6183086e-03
   7.5800000e+03   3.7264946e+00   8.5369405e-03
   7.5900000e+03   3.7257419e+00   8.4557869e-03
   7.6000000e+03   3.7249892e+00   8.3748469e-03
   7.6100000e+03   3.7242366e+00   8.3262370e-03
   7.6200000e+03   3.7234839e+00   8.2830809e-03
   7.6300000e+03   3.7227312e+00   8.2400376e-03
   7.6400000e+03   3.7219785e+00   8.1964948e-03
   7.6500000e+03   3.7212258e+00   8.1526720e-03
   7.6600000e+03   3.7204896e+00   8.1089636e-03
   7.6700000e+03   3.7197604e+00   8.0587168e-03
   7.6800000e+03   3.7190313e+00   7.9967433e-03
   7.6900000e+03   3.7183021e+00   7.9349310e-03
   7.7000000e+03   3.7175729e+00   7.8774874e-03
   7.7100000e+03   3.7168438e+00   7.8529856e-03
   7.7200000e+03   3.7161146e+00   7.8285474e-03
   7.7300000e+03   3.7153854e+00   7.8041723e-03
   7.7400000e+03   3.7146562e+00   7.7634140e-03
   7.7500000e+03   3.7140000e+00   7.7200981e-03
   7.7600000e+03   3.7140000e+00   7.6768939e-03
   7.7700000e+03   3.7140000e+00   7.6017733e-03
   7.7800000e+03   3.7140000e+00   7.5064985e-03
   7.7900000e+03   3.7140000e+00   7.4114683e-03
   7.8000000e+03   3.7140000e+00   7.3360432e-03
   7.8100000e+03   3.7140000e+00   7.2933149e-03
   7.8200000e+03   3.7140000e+00   7.2506959e-03
   7.8300000e+03   3.7140000e+00   7.2039201e-03
   7.8400000e+03   3.7140000e+00   7.1270836e-03
   7.8500000e+03   3.7134950e+00   7.0504427e-03
   7.8600000e+03   3.7118119e+00   6.9739969e-03
   7.8700000e+03   3.7101287e+00   6.9276742e-03
   7.8800000e+03   3.7084455e+00   6.8854757e-03
   7.8900000e+03   3.7067624e+00   6.8433844e-03
   7.9000000e+03   3.7050792e+00   6.7908659e-03
   7.9100000e+03   3.7033960e+00   6.7323680e-03
   7.9200000e+03   3.7017129e+00   6.6740179e-03
   7.9300000e+03   3.7000297e+00   6.6220678e-03
   7.9400000e+03   3.6983465e+00   6.5801453e-03
   7.9500000e+03   3.6968252e+00   6.5383279e-03
   7.9600000e+03   3.6959515e+00   6.4966841e-03
   7.9700000e+03   3.6950777e+00   6.4555721e-03
   7.9800000e+03   3.6942039e+00   6.4145633e-03
   7.9900000e+03   3.6933301e+00   6.3736572e-03
   8.0000000e+03   3.6924563e+00   6.3628965e-03
   8.0100000e+03   3.6915825e+00   6.3559360e-03
   8.0200000e+03   3.6907087e+00   6.3184073e-03
   8.0300000e+03   3.6898350e+00   6.2329109e-03
   8.0400000e+03   3.6889612e+00   6.1476271e-03
   8.0500000e+03   3.6880874e+00   6.0655988e-03
   8.0600000e+03   3.6874057e+00   6.0009594e-03
   8.0700000e+03   3.6867453e+00   5.9364803e-03
   8.0800000e+03   3.6860849e+00   5.8721609e-03
   8.0900000e+03   3.6854245e+00   5.8355115e-03
   8.1000000e+03   3.6847642e+00   5.8017264e-03
   8.1100000e+03   3.6841038e+00   5.7680249e-03
   8.1200000e+03   3.6834434e+00   5.7186096e-03
   8.1300000e+03   3.6827830e+00   5.6611558e-03
   8.1400000e+03   3.6821226e+00   5.6038432e-03
   8.1500000e+03   3.6814623e+00   5.5575343e-03
   8.1600000e+03   3.6807798e+00   5.5265018e-03
   8.1700000e+03   3.6800459e+00   5.4955452e-03
   8.1800000e+03   3.6793119e+00   5.4649809e-03
   8.1900000e+03   3.6785780e+00   5.4360588e-03
   8.2000000e+03   3.6778440e+00   5.4072074e-03
   8.2100000e+03   3.6771101e+00   5.3784261e-03
   8.2200000e+03   3.6763761e+00   5.3295183e-03
   8.2300000e+03   3.6756422e+00   5.2789419e-03
   8.2400000e+03   3.6749083e+00   5.2284882e-03
   8.2500000e+03   3.6741743e+00   5.1939496e-03
   8.2600000e+03   3.6734404e+00   5.1670306e-03
   8.2700000e+03   3.6730000e+00   5.1401769e-03
   8.2800000e+03   3.6730000e+00   5.1092321e-03
   8.2900000e+03   3.6730000e+00   5.0728007e-03
   8.3000000e+03   3.6730000e+00   5.0364572e-03
   8.3100000e+03   3.6730000e+00   5.0021278e-03
   8.3200000e+03   3.6730000e+00   4.9765413e-03
   8.3300000e+03   3.6730000e+00   4.9510162e-03
   8.3400000e+03   3.6730000e+00   4.9255522e-03
   8.3500000e+03   3.6730000e+00   4.9014427e-03
   8.3600000e+03   3.6730000e+00   4.8774845e-03
   8.3700000e+03   3.6730000e+00   4.8535836e-03
   8.3800000e+03   3.6730000e+00   4.8365400e-03
   8.3900000e+03   3.6730000e+00   4.8226868e-03
   8.4000000e+03   3.6730000e+00   4.8088664e-03
   8.4100000e+03   3.6730000e+00   4.7949433e-03
   8.4200000e+03   3.6730000e+00   4.7808736e-03
   8.4300000e+03   3.6730000e+00   4.7668373e-03
   8.4400000e+03   3.6730000e+00   4.7495863e-03
   8.4500000e+03   3.6730000e+00   4.7173228e-03
   8.4600000e+03   3.6730000e+00   4.6851356e-03
   8.4700000e+03   3.6730000e+00   4.6530243e-03
   8.4800000e+03   3.6730000e+00   4.6303969e-03
   8.4900000e+03   3.6730000e+00   4.6085117e-03
   8.5000000e+03   3.6730000e+00   4.5866779e-03
   8.5100000e+03   3.6730000e+00   4.5648504e-03
   8.5200000e+03   3.6730000e+00   4.5430533e-03
   8.5300000e+03   3.6730000e+00   4.5213074e-03
   8.5400000e+03   3.6730000e+00   4.4922223e-03
   8.5500000e+03   3.6730000e+00   4.4535476e-03
   8.5600000e+03   3.6730000e+00   4.4149632e-03
   8.5700000e+03   3.6730000e+00   4.3798941e-03
   8.5800000e+03   3.6730000e+00   4.3593694e-03
   8.5900000e+03   3.6730000e+00   4.3388927e-03
   8.6000000e+03   3.6730000e+00   4.3184634e-03
   8.6100000e+03   3.6730000e+00   4.2832068e-03
   8.6200000e+03   3.6730000e+00   4.2471171e-03
   8.6300000e+03   3.6730000e+00   4.2111112e-03
   8.6400000e+03   3.6730000e+00   4.1864821e-03
   8.6500000e+03   3.6730000e+00   4.1667445e-03
   8.6600000e+03   3.6730000e+00   4.1470524e-03
   8.6700000e+03   3.6730000e+00   4.1243772e-03
   8.6800000e+03   3.6730000e+00   4.0980689e-03
   8.6900000e+03   3.6730000e+00   4.0718209e-03
   8.7000000e+03   3.6730000e+00   4.0471875e-03
   8.7100000e+03   3.6730000e+00   4.0286235e-03
   8.7200000e+03   3.6730000e+00   4.0101022e-03
   8.7300000e+03   3.6730000e+00   3.9916232e-03
   8.7400000e+03   3.6730000e+00   3.9733628e-03
   8.7500000e+03   3.6730000e+00   3.9551523e-03
   8.7600000e+03   3.6730000e+00   3.9369834e-03
   8.7700000e+03   3.6730000e+00   3.9085986e-03
   8.7800000e+03   3.6730000e+00   3.8760243e-03
   8.7900000e+03   3.6730000e+00   3.8435241e-03
   8.8000000e+03   3.6730000e+00   3.8182106e-03
   8.8100000e+03   3.6730000e+00   3.8011357e-03
   8.8200000e+03   3.6730000e+00   3.7840994e-03
   8.8300000e+03   3.6730000e+00   3.7640383e-03
   8.8400000e+03   3.6730000e+00   3.7328764e-03
   8.8500000e+03   3.6730000e+00   3.7017848e-03
   8.8600000e+03   3.6730000e+00   3.6707635e-03
   8.8700000e+03   3.6730000e+00   3.6537119e-03
   8.8800000e+03   3.6730000e+00   3.6370767e-03
   8.8900000e+03   3.6730000e+00   3.6204791e-03
   8.9000000e+03   3.6730000e+00   3.5942669e-03
   8.9100000e+03   3.6730000e+00   3.5644422e-03
   8.9200000e+03   3.6730000e+00   3.5346844e-03
   8.9300000e+03   3.6730000e+00   3.5117196e-03
   8.9400000e+03   3.6730000e+00   3.4960182e-03
   8.9500000e+03   3.6730000e+00   3.4803519e-03
   8.9600000e+03   3.6730000e+00   3.4631339e-03
   8.9700000e+03   3.6730000e+00   3.4407363e-03
   8.9800000e+03   3.6730000e+00   3.4183886e-03
   8.9900000e+03   3.6730000e+00   3.3960907e-03
   9.0000000e+03   3.6730000e+00   3.3807768e-03
   9.0100000e+03   3.6730000e+00   3.3655853e-03
   9.0200000e+03   3.6730000e+00   3.3504275e-03
   9.0300000e+03   3.6730000e+00   3.3259317e-03
   9.0400000e+03   3.6730000e+00   3.2981684e-03
   9.0500000e+03   3.6730000e+00   3.2704665e-03
   9.0600000e+03   3.6730000e+00   3.2491011e-03
   9.0700000e+03   3.6730000e+00   3.2341473e-03
   9.0800000e+03   3.6730000e+00   3.2192264e-03
   9.0900000e+03   3.6730000e+00   3.1999305e-03
   9.1000000e+03   3.6730000e+00   3.1672534e-03
   9.1100000e+03   3.6730000e+00   3.1346481e-03
   9.1200000e+03   3.6730000e+00   3.1022674e-03
   9.1300000e+03   3.6730000e+00   3.0875962e-03
   9.1400000e+03   3.6730000e+00   3.0729568e-03
   9.1500000e+03   3.6730000e+00   3.0583496e-03
   9.1600000e+03   3.6730000e+00   3.0356151e-03
   9.1700000e+03   3.6730000e+00   3.0103479e-03
   9.1800000e+03   3.6730000e+00   2.9851359e-03
   9.1900000e+03   3.6730000e+00   2.9657513e-03
   9.2000000e+03   3.6730000e+00   2.9517870e-03
   9.2100000e+03   3.6730000e+00   2.9378532e-03
   9.2200000e+03   3.6730000e+00   2.9209565e-03
   9.2300000e+03   3.6730000e+00   2.8959385e-03
   9.2400000e+03   3.6730000e+00   2.8709745e-03
   9.2500000e+03   3.6730000e+00   2.8460665e-03
   9.2600000e+03   3.6730000e+00   2.8212805e-03
   9.2700000e+03   3.6730000e+00   2.7965480e-03
   9.2800000e+03   3.6730000e+00   2.7718686e-03
   9.2900000e+03   3.6730000e+00   2.7564618e-03
   9.3000000e+03   3.6730000e+00   2.7436208e-03
   9.3100000e+03   3.6730000e+00   2.7308074e-03
   9.3200000e+03   3.6730000e+00   2.7120878e-03
   9.3300000e+03   3.6730000e+00   2.6882565e-03
   9.3400000e+03   3.6730000e+00   2.6644761e-03
   9.3500000e+03   3.6730000e+00   2.6438818e-03
   9.3600000e+03   3.6730000e+00   2.6308842e-03
   9.3700000e+03   3.6730000e+00   2.6179144e-03
   9.3800000e+03   3.6730000e+00   2.6045204e-03
   9.3900000e+03   3.6730000e+00   2.5813008e-03
   9.4000000e+03   3.6730000e+00   2.5581307e-03
   9.4100000e+03   3.6730000e+00   2.5350099e-03
   9.4200000e+03   3.6730000e+00   2.5204329e-03
   9.4300000e+03   3.6730000e+00   2.5079832e-03
   9.4400000e+03   3.6730000e+00   2.4955599e-03
   9.4500000e+03   3.6730000e+00   2.4745460e-03
   9.4600000e+03   3.6730000e+00   2.4466076e-03
   9.4700000e+03   3.6730000e+00   2.4187281e-03
   9.4800000e+03   3.6730000e+00   2.3958929e-03
   9.4900000e+03   3.6730000e+00   2.3839711e-03
   9.5000000e+03   3.6730000e+00   2.3720742e-03
   9.5100000e+03   3.6730000e+00   2.3595394e-03
   9.5200000e+03   3.6730000e+00   2.3375336e-03
   9.5300000e+03   3.6730000e+00   2.3155741e-03
   9.5400000e+03   3.6730000e+00   2.2936605e-03
   9.5500000e+03   3.6730000e+00   2.2798185e-03
   9.5600000e+03   3.6730000e+00   2.2677284e-03
   9.5700000e+03   3.6730000e+00   2.2556639e-03
   9.5800000e+03   3.6730000e+00   2.2381808e-03
   9.5900000e+03   3.6730000e+00   2.2166954e-03
   9.6000000e+03   3.6730000e+00   2.1952547e-03
   9.6100000e+03   3.6730000e+00   2.1739828e-03
   9.6200000e+03   3.6730000e+00   2.1530051e-03
   9.6300000e+03   3.6730000e+00   2.1320708e-03
   9.6400000e+03   3.6730000e+00   2.1120022e-03
   9.6500000e+03   3.6730000e+00   2.1002793e-03
   9.6600000e+03   3.6730000e+00   2.0885805e-03
   9.6700000e+03   3.6730000e+00   2.0769060e-03
   9.6800000e+03   3.6730000e+00   2.0538611e-03
   9.6900000e+03   3.6730000e+00   2.0287067e-03
   9.7000000e+03   3.6730000e+00   2.0036043e-03
   9.7100000e+03   3.6730000e+00   1.9867179e-03
   9.7200000e+03   3.6730000e+00   1.9752496e-03
   9.7300000e+03   3.6730000e+00   1.9638047e-03
   9.7400000e+03   3.6730000e+00   1.9492476e-03
   9.7500000e+03   3.6730000e+00   1.9289839e-03
   9.7600000e+03   3.6730000e+00   1.9087616e-03
   9.7700000e+03   3.6730000e+00   1.8895659e-03
   9.7800000e+03   3.6730000e+00   1.8782758e-03
   9.7900000e+03   3.6730000e+00   1.8670086e-03
   9.8000000e+03   3.6730000e+00   1.8557643e-03
   9.8100000e+03   3.6730000e+00   1.8372261e-03
   9.8200000e+03   3.6730000e+00   1.8175553e-03
   9.8300000e+03   3.6730000e+00   1.7979245e-03
   9.8400000e+03   3.6730000e+00   1.7782835e-03
   9.8500000e+03   3.6730000e+00   1.7586518e-03
   9.8600000e+03   3.6730000e+00   1.7390600e-03
   9.8700000e+03   3.6730000e+00   1.7227323e-03
   9.8800000e+03   3.6730000e+00   1.7117362e-03
   9.8900000e+03   3.6730000e+00   1.7007623e-03
   9.9000000e+03   3.6730000e+00   1.6887302e-03
   9.9100000e+03   3.6730000e+00   1.6694214e-03
   9.9200000e+03   3.6730000e+00   1.6501516e-03
   9.9300000e+03   3.6730000e+00   1.6309204e-03
   9.9400000e+03   3.6730000e+00   1.6192866e-03
   9.9500000e+03   3.6730000e+00   1.6086390e-03
   9.9600000e+03   3.6730000e+00   1.5980130e-03
   9.9700000e+03   3.6730000e+00   1.5819360e-03
   9.9800000e+03   3.6730000e+00   1.5627841e-03
   9.9900000e+03   3.6730000e+00   1.5436705e-03
   1.0000000e+04   3.6730000e+00   1.5216230e-03
   1.0010000e+04   3.6730000e+00   1.5003558e-03
   1.0020000e+04   3.6730000e+00   1.4901026e-03
   1.0030000e+04   3.6730000e+00   1.4798700e-03
   1.0040000e+04   3.6730000e+00   1.4697178e-03
   1.0050000e+04   3.6730000e+00   1.4604148e-03
   1.0060000e+04   3.6730000e+00   1.4511302e-03
   1.0070000e+04   3.6730000e+00   1.4418641e-03
   1.0080000e+04   3.6730000e+00   1.4260502e-03
   1.0090000e+04   3.6730000e+00   1.4087391e-03
   1.0100000e+04   3.6730000e+00   1.3914622e-03
   1.0110000e+04   3.6730000e+00   1.3754752e-03
   1.0120000e+04   3.6730000e+00   1.3605134e-03
   1.0130000e+04   3.6730000e+00   1.3455812e-03
   1.0140000e+04   3.6730000e+00   1.3312002e-03
   1.0150000e+04   3.6730000e+00   1.3180349e-03
   1.0160000e+04   3.6730000e+00   1.3048956e-03
   1.0170000e+04   3.6730000e+00   1.2918375e-03
   1.0180000e+04   3.6730000e+00   1.2798137e-03
   1.0190000e+04   3.6730000e+00   1.2678134e-03
   1.0200000e+04   3.6730000e+00   1.2558366e-03
   1.0210000e+04   3.6730000e+00   1.2449802e-03
   1.0220000e+04   3.6730000e+00   1.2344204e-03
   1.0230000e+04   3.6730000e+00   1.2238812e-03
   1.0240000e+04   3.6730000e+00   1.2138423e-03
   1.0250000e+04   3.6730000e+00   1.2042210e-03
   1.0260000e+04   3.6730000e+00   1.1946186e-03
   1.0270000e+04   3.6730000e+00   1.1838297e-03
   1.0280000e+04   3.6730000e+00   1.1701609e-03
   1.0290000e+04   3.6730000e+00   1.1565188e-03
   1.0300000e+04   3.6730000e+00   1.1429641e-03
   1.0310000e+04   3.6730000e+00   1.1307595e-03
   1.0320000e+04   3.6730000e+00   1.1185785e-03
   1.0330000e+04   3.6730000e+00   1.1064211e-03
   1.0340000e+04   3.6730000e+00   1.0864569e-03
   1.0350000e+04   3.6730000e+00   1.0645115e-03
   1.0360000e+04   3.6730000e+00   1.0426086e-03
   1.0370000e+04   3.6730000e+00   1.0260325e-03
   1.0380000e+04   3.6730000e+00   1.0136958e-03
   1.0390000e+04   3.6730000e+00   1.0013829e-03
   1.0400000e+04   3.6730000e+00   9.8852380e-04
   1.0410000e+04   3.6730000e+00   9.7442751e-04
   1.0420000e+04   3.6730000e+00   9.6035827e-04
   1.0430000e+04   3.6730000e+00   9.4659635e-04
   1.0440000e+04   3.6730000e+00   9.3663978e-04
   1.0450000e+04   3.6730000e+00   9.2670227e-04
   1.0460000e+04   3.6730000e+00   9.1678375e-04
   1.0470000e+04   3.6730000e+00   9.0545109e-04
   1.0480000e+04   3.6730000e+00   8.9383299e-04
   1.0490000e+04   3.6730000e+00   8.8223704e-04
   1.0500000e+04   3.6730000e+00   8.7122173e-04
   1.0510000e+04   3.6730000e+00   8.6062915e-04
   1.0520000e+04   3.6730000e+00   8.5005669e-04
   1.0530000e+04   3.6730000e+00   8.3980579e-04
   1.0540000e+04   3.6730000e+00   8.3016003e-04
   1.0550000e+04   3.6730000e+00   8.2053257e-04
   1.0560000e+04   3.6730000e+00   8.1079207e-04
   1.0570000e+04   3.6730000e+00   7.9985756e-04
   1.0580000e+04   3.6730000e+00   7.8894374e-04
   1.0590000e+04   3.6730000e+00   7.7805052e-04
   1.0600000e+04   3.6730000e+00   7.6644986e-04
   1.0610000e+04   3.6730000e+00   7.5475199e-04
   1.0620000e+04   3.6730000e+00   7.4307614e-04
   1.0630000e+04   3.6730000e+00   7.3205172e-04
   1.0640000e+04   3.6730000e+00   7.2142585e-04
   1.0650000e+04   3.6730000e+00   7.1081991e-04
   1.0660000e+04   3.6730000e+00   7.0050961e-04
   1.0670000e+04   3.6730000e+00   6.9064928e-04
   1.0680000e+04   3.6730000e+00   6.8080742e-04
   1.0690000e+04   3.6730000e+00   6.7108649e-04
   1.0700000e+04   3.6730000e+00   6.6193994e-04
   1.0710000e+04   3.6730000e+00   6.5281046e-04
   1.0720000e+04   3.6730000e+00   6.4369803e-04
   1.0730000e+04   3.6730000e+00   6.3398286e-04
   1.0740000e+04   3.6730000e+00   6.2423262e-04
   1.0750000e+04   3.6730000e+00   6.1450051e-04
   1.0760000e+04   3.6730000e+00   6.0439830e-04
   1.0770000e+04   3.6730000e+00   5.9414059e-04
   1.0780000e+04   3.6730000e+00   5.8390191e-04
   1.0790000e+04   3.6730000e+00   5.7400255e-04
   1.0800000e+04   3.6730000e+00   5.6449316e-04
   1.0810000e+04   3.6730000e+00   5.5500136e-04
   1.0820000e+04   3.6730000e+00   5.4567658e-04
   1.0830000e+04   3.6730000e+00   5.3685380e-04
   1.0840000e+04   3.6730000e+00   5.2804728e-04
   1.0850000e+04   3.6730000e+00   5.1926078e-04
   1.0860000e+04   3.6730000e+00   5.1094654e-04
   1.0870000e+04   3.6730000e+00   5.0264760e-04
   1.0880000e+04   3.6730000e+00   4.9436392e-04
   1.0890000e+04   3.6730000e+00   4.8500979e-04
   1.0900000e+04   3.6730000e+00   4.7536850e-04
   1.0910000e+04   3.6730000e+00   4.6574490e-04
   1.0920000e+04   3.6730000e+00   4.5745086e-04
   1.0930000e+04   3.6730000e+00   4.5019769e-04
   1.0940000e+04   3.6730000e+00   4.4295778e-04
   1.0950000e+04   3.6730000e+00   4.3581673e-04
   1.0960000e+04   3.6730000e+00   4.2885950e-04
   1.0970000e+04   3.6730000e+00   4.2191496e-04
   1.0980000e+04   3.6730000e+00   4.1486356e-04
   1.0990000e+04   3.6730000e+00   4.0682321e-04
   1.1000000e+04   3.6730000e+00   3.9879749e-04
   1.1010000e+04   3.6730000e+00   3.9078634e-04
   1.1020000e+04   3.6730000e+00   3.8308456e-04
   1.1030000e+04   3.6730000e+00   3.7543443e-04
   1.1040000e+04   3.6730000e+00   3.6779816e-04
   1.1050000e+04   3.6730000e+00   3.6039203e-04
   1.1060000e+04   3.6730000e+00   3.5310730e-04
   1.1070000e+04   3.6730000e+00   3.4583575e-04
   1.1080000e+04   3.6624692e+00   3.3816781e-04
   1.1090000e+04   3.6519385e+00   3.3000711e-04
   1.1100000e+04   3.6414077e+00   3.2186109e-04
   1.1110000e+04   3.6308769e+00   3.1381643e-04
   1.1120000e+04   3.6203462e+00   3.0606939e-04
   1.1130000e+04   3.6098154e+00   2.9833628e-04
   1.1140000e+04   3.5992846e+00   2.9067534e-04
   1.1150000e+04   3.5887538e+00   2.8566636e-04
   1.1160000e+04   3.5782231e+00   2.8066638e-04
   1.1170000e+04   3.5676923e+00   2.7567535e-04
   1.1180000e+04   3.5571615e+00   2.6943385e-04
   1.1190000e+04   3.5466308e+00   2.6287765e-04
   1.1200000e+04   3.5361000e+00   2.5633315e-04
   1.1210000e+04   3.5361000e+00   2.4963806e-04
   1.1220000e+04   3.5361000e+00   2.4283659e-04
   1.1230000e+04   3.5361000e+00   2.3604723e-04
   1.1240000e+04   3.5361000e+00   2.2918221e-04
   1.1250000e+04   3.5361000e+00   2.2217723e-04
   1.1260000e+04   3.5361000e+00   2.1518471e-04
   1.1270000e+04   3.5361000e+00   2.0847542e-04
   1.1280000e+04   3.5357118e+00   2.0323537e-04
   1.1290000e+04   3.5353235e+00   1.9800462e-04
   1.1300000e+04   3.5349353e+00   1.9278311e-04
   1.1310000e+04   3.5345471e+00   1.8727175e-04
   1.1320000e+04   3.5341588e+00   1.8174995e-04
   1.1330000e+04   3.5337706e+00   1.7623789e-04
   1.1340000e+04   3.5333824e+00   1.7117133e-04
   1.1350000e+04   3.5329941e+00   1.6628271e-04
   1.1360000e+04   3.5326059e+00   1.6140269e-04
   1.1370000e+04   3.5322176e+00   1.5681692e-04
   1.1380000e+04   3.5318294e+00   1.5252405e-04
   1.1390000e+04   3.5314412e+00   1.4823872e-04
   1.1400000e+04   3.5310529e+00   1.4362544e-04
   1.1410000e+04   3.5306647e+00   1.3814496e-04
   1.1420000e+04   3.5302765e+00   1.3267409e-04
   1.1430000e+04   3.5298882e+00   1.2724978e-04
   1.1440000e+04   3.5295000e+00   1.2237287e-04
   1.1450000e+04   3.5295000e+00   1.1750448e-04
   1.1460000e+04   3.5295000e+00   1.1264459e-04
   1.1470000e+04   3.5295000e+00   1.0855682e-04
   1.1480000e+04   3.5295000e+00   1.0461283e-04
   1.1490000e+04   3.5295000e+00   1.0067570e-04
   1.1500000e+04   3.5295000e+00   9.7048769e-05
   1.1510000e+04   3.5295000e+00   9.3610373e-05
   1.1520000e+04   3.5295000e+00   9.0177947e-05
   1.1530000e+04   3.5295000e+00   8.6607344e-05
   1.1540000e+04   3.5295000e+00   8.2824384e-05
   1.1550000e+04   3.5295000e+00   7.9047974e-05
   1.1560000e+04   3.5295000e+00   7.5355022e-05
   1.1570000e+04   3.5295000e+00   7.2034072e-05
   1.1580000e+04   3.5295000e+00   6.8718857e-05
   1.1590000e+04   3.5295000e+00   6.5409362e-05
   1.1600000e+04   3.5295000e+00   6.2159878e-05
   1.1610000e+04   3.5295000e+00   5.8919066e-05
   1.1620000e+04   3.5295000e+00   5.5683830e-05
   1.1630000e+04   3.5295000e+00   5.2470130e-05
   1.1640000e+04   3.5295000e+00   4.9268184e-05
   1.1650000e+04   3.5295000e+00   4.6071734e-05
   1.1660000e+04   3.5295000e+00   4.3246468e-05
   1.1670000e+04   3.5295000e+00   4.0803465e-05
   1.1680000e+04   3.5295000e+00   3.8364644e-05
   1.1690000e+04   3.5295000e+00   3.6025528e-05
   1.1700000e+04   3.5295000e+00   3.3965931e-05
   1.1710000e+04   3.5291600e+00   3.1909851e-05
   1.1720000e+04   3.5288200e+00   2.9857416e-05
   1.1730000e+04   3.5284800e+00   2.7815471e-05
   1.1740000e+04   3.5281400e+00   2.5777004e-05
   1.1750000e+04   3.5278000e+00   2.3742007e-05
   1.1760000e+04   3.5274600e+00   2.1703882e-05
   1.1770000e+04   3.5271200e+00   1.9667372e-05
   1.1780000e+04   3.5267800e+00   1.7634318e-05
   1.1790000e+04   3.5264400e+00   1.5981805e-05
   1.1800000e+04   3.5261000e+00   1.4649831e-05
   1.1810000e+04   3.5257600e+00   1.3320113e-05
   1.1820000e+04   3.5254200e+00   1.2190805e-05
   1.1830000e+04   3.5250800e+00   1.1532282e-05
   1.1840000e+04   3.5247400e+00   1.0874871e-05
   1.1850000e+04   3.5244000e+00   1.6782282e-06
   1.1860000e+04   3.5240600e+00   1.5593136e-06
   1.1870000e+04   3.5237200e+00   1.4405994e-06
   1.1880000e+04   3.5233800e+00   1.3259223e-06
   1.1890000e+04   3.5230400e+00   1.2617673e-06
   1.1900000e+04   3.5227000e+00   1.1977201e-06
   1.1910000e+04   3.5223600e+00   1.1337806e-06
   1.1920000e+04   3.5220200e+00   1.0699482e-06
   1.1930000e+04   3.5216800e+00   1.0062229e-06
   1.1940000e+04   3.5213400e+00   9.4260429e-07
   1.1950000e+04   3.5210000e+00   8.7909218e-07
   1.1960000e+04   3.5206600e+00   8.2725185e-07
   1.1970000e+04   3.5203200e+00   7.7743198e-07
   1.1980000e+04   3.5199800e+00   7.2769528e-07
   1.1990000e+04   3.5196400e+00   6.7804155e-07
   1.2000000e+04   3.5193000e+00   6.2847056e-07
   1.2010000e+04   3.5191919e+00   5.7898214e-07
   1.2020000e+04   3.5190837e+00   5.2957606e-07
   1.2030000e+04   3.5189756e+00   4.9187792e-07
   1.2040000e+04   3.5188674e+00   4.6358106e-07
   1.2050000e+04   3.5187593e+00   4.3533118e-07
   1.2060000e+04   3.5186512e+00   4.0712815e-07
   1.2070000e+04   3.5185430e+00   3.7897184e-07
   1.2080000e+04   3.5184349e+00   3.5086215e-07
   1.2090000e+04   3.5183267e+00   3.2279898e-07
   1.2100000e+04   3.5182186e+00   2.9514444e-07
   1.2110000e+04   3.5181105e+00   2.7536473e-07
   1.2120000e+04   3.5180023e+00   2.5561766e-07
   1.2130000e+04   3.5178942e+00   2.3590315e-07
   1.2140000e+04   3.5177860e+00   2.1622113e-07
   1.2150000e+04   3.5176779e+00   1.9657149e-07
   1.2160000e+04   3.5175698e+00   1.7695418e-07
   1.2170000e+04   3.5174616e+00   1.5736910e-07
   1.2180000e+04   3.5173535e+00   1.4060275e-07
   1.2190000e+04   3.5172453e+00   1.2977893e-07
   1.2200000e+04   3.5171372e+00   1.1897286e-07
   1.2210000e+04   3.5170291e+00   1.0818448e-07
   1.2220000e+04   3.5169209e+00   9.7413759e-08
   1.2230000e+04   3.5168128e+00   8.6660659e-08
   1.2240000e+04   3.5167047e+00   7.5925125e-08
   1.2250000e+04   3.5165965e+00   6.5207117e-08
   1.2260000e+04   3.5164884e+00   5.6801042e-08
   1.2270000e+04   3.5163802e+00   5.2221041e-08
   1.2280000e+04   3.5162721e+00   4.7648502e-08
   1.2290000e+04   3.5161640e+00   4.3083404e-08
   1.2300000e+04   3.5160558e+00   3.8525727e-08
   1.2310000e+04   3.5159477e+00   3.3975457e-08
   1.2320000e+04   3.5158395e+00   2.9432571e-08
   1.2330000e+04   3.5157314e+00   2.4897057e-08
   1.2340000e+04   3.5156233e+00   2.0368890e-08
   1.2350000e+04   3.5155151e+00   1.5848059e-08
   1.2360000e+04   3.5154070e+00   1.1334543e-08
   1.2370000e+04   3.5152988e+00   6.8283240e-09
   1.2380000e+04   3.5151907e+00   2.3293849e-09
   1.2390000e+04   3.5150826e+00   0.0000000e+00
   1.2400000e+04   3.5149744e+00   0.0000000e+00
   1.2410000e+04   3.5148663e+00   0.0000000e+00
   1.2420000e+04   3.5147581e+00   0.0000000e+00
   1.2430000e+04   3.5146500e+00   0.0000000e+00
   1.2440000e+04   3.5145419e+00   0.0000000e+00
   1.2450000e+04   3.5144337e+00   0.0000000e+00
   1.2460000e+04   3.5143256e+00   0.0000000e+00
   1.2470000e+04   3.5142174e+00   0.0000000e+00
   1.2480000e+04   3.5141093e+00   0.0000000e+00
   1.2490000e+04   3.5140012e+00   0.0000000e+00
   1.2500000e+04   3.5138930e+00   0.0000000e+00
   1.2510000e+04   3.5137849e+00   0.0000000e+00
   1.2520000e+04   3.5136767e+00   0.0000000e+00
   1.2530000e+04   3.5135686e+00   0.0000000e+00
   1.2540000e+04   3.5134605e+00   0.0000000e+00
   1.2550000e+04   3.5133523e+00   0.0000000e+00
   1.2560000e+04   3.5132442e+00   0.0000000e+00
   1.2570000e+04   3.5131360e+00   0.0000000e+00
   1.2580000e+04   3.5130279e+00   0.0000000e+00
   1.2590000e+04   3.5129198e+00   0.0000000e+00
   1.2600000e+04   3.5128116e+00   0.0000000e+00
   1.2610000e+04   3.5127035e+00   0.0000000e+00
   1.2620000e+04   3.5125953e+00   0.0000000e+00
   1.2630000e+04   3.5124872e+00   0.0000000e+00
   1.2640000e+04   3.5123791e+00   0.0000000e+00
   1.2650000e+04   3.5122709e+00   0.0000000e+00
   1.2660000e+04   3.5121628e+00   0.0000000e+00
   1.2670000e+04   3.5120547e+00   0.0000000e+00
   1.2680000e+04   3.5119465e+00   0.0000000e+00
   1.2690000e+04   3.5118384e+00   0.0000000e+00
   1.2700000e+04   3.5117302e+00   0.0000000e+00
   1.2710000e+04   3.5116221e+00   0.0000000e+00
   1.2720000e+04   3.5115140e+00   0.0000000e+00
   1.2730000e+04   3.5114058e+00   0.0000000e+00
   1.2740000e+04   3.5112977e+00   0.0000000e+00
   1.2750000e+04   3.5111895e+00   0.0000000e+00
   1.2760000e+04   3.5110814e+00   0.0000000e+00
   1.2770000e+04   3.5109733e+00   0.0000000e+00
   1.2780000e+04   3.5108651e+00   0.0000000e+00
   1.2790000e+04   3.5107570e+00   0.0000000e+00
   1.2800000e+04   3.5106488e+00   0.0000000e+00
   1.2810000e+04   3.5105407e+00   0.0000000e+00
   1.2820000e+04   3.5104326e+00   0.0000000e+00
   1.2830000e+04   3.5103244e+00   0.0000000e+00
   1.2840000e+04   3.5102163e+00   0.0000000e+00
   1.2850000e+04   3.5101081e+00   0.0000000e+00
   1.2860000e+04   3.5100000e+00   0.0000000e+00
   1.2870000e+04   3.5098919e+00   0.0000000e+00
   1.2880000e+04   3.5097837e+00   0.0000000e+00
   1.2890000e+04   3.5096756e+00   0.0000000e+00
   1.2900000e+04   3.5095674e+00   0.0000000e+00
   1.2910000e+04   3.5094593e+00   0.0000000e+00
   1.2920000e+04   3.5093512e+00   0.0000000e+00
   1.2930000e+04   3.5092430e+00   0.0000000e+00
   1.2940000e+04   3.5091349e+00   0.0000000e+00
   1.2950000e+04   3.5090267e+00   0.0000000e+00
   1.2960000e+04   3.5089186e+00   0.0000000e+00
   1.2970000e+04   3.5088105e+00   0.0000000e+00
   1.2980000e+04   3.5087023e+00   0.0000000e+00
   1.2990000e+04   3.5085942e+00   0.0000000e+00
   1.3000000e+04   3.5084860e+00   0.0000000e+00
   1.3010000e+04   3.5083779e+00   0.0000000e+00
   1.3020000e+04   3.5082698e+00   0.0000000e+00
   1.3030000e+04   3.5081616e+00   0.0000000e+00
   1.3040000e+04   3.5080535e+00   0.0000000e+00
   1.3050000e+04   3.5079453e+00   0.0000000e+00
   1.3060000e+04   3.5078372e+00   0.0000000e+00
   1.3070000e+04   3.5077291e+00   0.0000000e+00
   1.3080000e+04   3.5076209e+00   0.0000000e+00
   1.3090000e+04   3.5075128e+00   0.0000000e+00
   1.3100000e+04   3.5074047e+00   0.0000000e+00
   1.3110000e+04   3.5072965e+00   0.0000000e+00
   1.3120000e+04   3.5071884e+00   0.0000000e+00
   1.3130000e+04   3.5070802e+00   0.0000000e+00
   1.3140000e+04   3.5069721e+00   0.0000000e+00
   1.3150000e+04   3.5068640e+00   0.0000000e+00
   1.3160000e+04   3.5067558e+00   0.0000000e+00
   1.3170000e+04   3.5066477e+00   0.0000000e+00
   1.3180000e+04   3.5065395e+00   0.0000000e+00
   1.3190000e+04   3.5064314e+00   0.0000000e+00
   1.3200000e+04   3.5063233e+00   0.0000000e+00
   1.3210000e+04   3.5062151e+00   0.0000000e+00
   1.3220000e+04   3.5061070e+00   0.0000000e+00
   1.3230000e+04   3.5059988e+00   0.0000000e+00
   1.3240000e+04   3.5058907e+00   0.0000000e+00
   1.3250000e+04   3.5057826e+00   0.0000000e+00
   1.3260000e+04   3.5056744e+00   0.0000000e+00
   1.3270000e+04   3.5055663e+00   0.0000000e+00
   1.3280000e+04   3.5054581e+00   0.0000000e+00
   1.3290000e+04   3.5053500e+00   0.0000000e+00
   1.3300000e+04   3.5052419e+00   0.0000000e+00
   1.3310000e+04   3.5051337e+00   0.0000000e+00
   1.3320000e+04   3.5050256e+00   0.0000000e+00
   1.3330000e+04   3.5049174e+00   0.0000000e+00
   1.3340000e+04   3.5048093e+00   0.0000000e+00
   1.3350000e+04   3.5047012e+00   0.0000000e+00
   1.3360000e+04   3.5045930e+00   0.0000000e+00
   1.3370000e+04   3.5044849e+00   0.0000000e+00
   1.3380000e+04   3.5043767e+00   0.0000000e+00
   1.3390000e+04   3.5042686e+00   0.0000000e+00
   1.3400000e+04   3.5041605e+00   0.0000000e+00
   1.3410000e+04   3.5040523e+00   0.0000000e+00
   1.3420000e+04   3.5039442e+00   0.0000000e+00
   1.3430000e+04   3.5038360e+00   0.0000000e+00
   1.3440000e+04   3.5037279e+00   0.0000000e+00
   1.3450000e+04   3.5036198e+00   0.0000000e+00
   1.3460000e+04   3.5035116e+00   0.0000000e+00
   1.3470000e+04   3.5034035e+00   0.0000000e+00
   1.3480000e+04   3.5032953e+00   0.0000000e+00
   1.3490000e+04   3.5031872e+00   0.0000000e+00
   1.3500000e+04   3.5030791e+00   0.0000000e+00
   1.3510000e+04   3.5029709e+00   0.0000000e+00
   1.3520000e+04   3.5028628e+00   0.0000000e+00
   1.3530000e+04   3.5027547e+00   0.0000000e+00
   1.3540000e+04   3.5026465e+00   0.0000000e+00
   1.3550000e+04   3.5025384e+00   0.0000000e+00
   1.3560000e+04   3.5024302e+00   0.0000000e+00
   1.3570000e+04   3.5023221e+00   0.0000000e+00
   1.3580000e+04   3.5022140e+00   0.0000000e+00
   1.3590000e+04   3.5021058e+00   0.0000000e+00
   1.3600000e+04   3.5019977e+00   0.0000000e+00
   1.3610000e+04   3.5018895e+00   0.0000000e+00
   1.3620000e+04   3.5017814e+00   0.0000000e+00
   1.3630000e+04   3.5016733e+00   0.0000000e+00
   1.3640000e+04   3.5015651e+00   0.0000000e+00
   1.3650000e+04   3.5014570e+00   0.0000000e+00
   1.3660000e+04   3.5013488e+00   0.0000000e+00
   1.3670000e+04   3.5012407e+00   0.0000000e+00
   1.3680000e+04   3.5011326e+00   0.0000000e+00
   1.3690000e+04   3.5010244e+00   0.0000000e+00
   1.3700000e+04   3.5009163e+00   0.0000000e+00
   1.3710000e+04   3.5008081e+00   0.0000000e+00
   1.3720000e+04   3.5007000e+00   0.0000000e+00
   1.3730000e+04   3.5002321e+00   0.0000000e+00
   1.3740000e+04   3.4997643e+00   0.0000000e+00
   1.3750000e+04   3.4992964e+00   0.0000000e+00
   1.3760000e+04   3.4988286e+00   0.0000000e+00
   1.3770000e+04   3.4983607e+00   0.0000000e+00
   1.3780000e+04   3.4978929e+00   0.0000000e+00
   1.3790000e+04   3.4974250e+00   0.0000000e+00
   1.3800000e+04   3.4969571e+00   0.0000000e+00
   1.3810000e+04   3.4964893e+00   0.0000000e+00
   1.3820000e+04   3.4960214e+00   0.0000000e+00
   1.3830000e+04   3.4955536e+00   0.0000000e+00
   1.3840000e+04   3.4950857e+00   0.0000000e+00
   1.3850000e+04   3.4946179e+00   0.0000000e+00
   1.3860000e+04   3.4941500e+00   0.0000000e+00
   1.3870000e+04   3.4936821e+00   0.0000000e+00
   1.3880000e+04   3.4932143e+00   0.0000000e+00
   1.3890000e+04   3.4927464e+00   0.0000000e+00
   1.3900000e+04   3.4922786e+00   0.0000000e+00
   1.3910000e+04   3.4918107e+00   0.0000000e+00
   1.3920000e+04   3.4913429e+00   0.0000000e+00
   1.3930000e+04   3.4908750e+00   0.0000000e+00
   1.3940000e+04   3.4904071e+00   0.0000000e+00
   1.3950000e+04   3.4899393e+00   0.0000000e+00
   1.3960000e+04   3.4894714e+00   0.0000000e+00
   1.3970000e+04   3.4890036e+00   0.0000000e+00
   1.3980000e+04   3.4885357e+00   0.0000000e+00
   1.3990000e+04   3.4880679e+00   0.0000000e+00
   1.4000000e+04   3.4876000e+00   0.0000000e+00
   1.4010000e+04   3.4875303e+00   0.0000000e+00
   1.4020000e+04   3.4874606e+00   0.0000000e+00
   1.4030000e+04   3.4873909e+00   0.0000000e+00
   1.4040000e+04   3.4873212e+00   0.0000000e+00
   1.4050000e+04   3.4872515e+00   0.0000000e+00
   1.4060000e+04   3.4871818e+00   0.0000000e+00
   1.4070000e+04   3.4871121e+00   0.0000000e+00
   1.4080000e+04   3.4870424e+00   0.0000000e+00
   1.4090000e+04   3.4869727e+00   0.0000000e+00
   1.4100000e+04   3.4869030e+00   0.0000000e+00
   1.4110000e+04   3.4868333e+00   0.0000000e+00
   1.4120000e+04   3.4867636e+00   0.0000000e+00
   1.4130000e+04   3.4866939e+00   0.0000000e+00
   1.4140000e+04   3.4866242e+00   0.0000000e+00
   1.4150000e+04   3.4865545e+00   0.0000000e+00
   1.4160000e+04   3.4864848e+00   0.0000000e+00
   1.4170000e+04   3.4864152e+00   0.0000000e+00
   1.4180000e+04   3.4863455e+00   0.0000000e+00
   1.4190000e+04   3.4862758e+00   0.0000000e+00
   1.4200000e+04   3.4862061e+00   0.0000000e+00
   1.4210000e+04   3.4861364e+00   0.0000000e+00
   1.4220000e+04   3.4860667e+00   0.0000000e+00
   1.4230000e+04   3.4859970e+00   0.0000000e+00
   1.4240000e+04   3.4859273e+00   0.0000000e+00
   1.4250000e+04   3.4858576e+00   0.0000000e+00
   1.4260000e+04   3.4857879e+00   0.0000000e+00
   1.4270000e+04   3.4857182e+00   0.0000000e+00
   1.4280000e+04   3.4856485e+00   0.0000000e+00
   1.4290000e+04   3.4855788e+00   0.0000000e+00
   1.4300000e+04   3.4855091e+00   0.0000000e+00
   1.4310000e+04   3.4854394e+00   0.0000000e+00
   1.4320000e+04   3.4853697e+00   0.0000000e+00
   1.4330000e+04   3.4853000e+00   0.0000000e+00
   1.4340000e+04   3.4852303e+00   0.0000000e+00
   1.4350000e+04   3.4851606e+00   0.0000000e+00
   1.4360000e+04   3.4850909e+00   0.0000000e+00
   1.4370000e+04   3.4850212e+00   0.0000000e+00
   1.4380000e+04   3.4849515e+00   0.0000000e+00
   1.4390000e+04   3.4848818e+00   0.0000000e+00
   1.4400000e+04   3.4848121e+00   0.0000000e+00
   1.4410000e+04   3.4847424e+00   0.0000000e+00
   1.4420000e+04   3.4846727e+00   0.0000000e+00
   1.4430000e+04   3.4846030e+00   0.0000000e+00
   1.4440000e+04   3.4845333e+00   0.0000000e+00
   1.4450000e+04   3.4844636e+00   0.0000000e+00
   1.4460000e+04   3.4843939e+00   0.0000000e+00
   1.4470000e+04   3.4843242e+00   0.0000000e+00
   1.4480000e+04   3.4842545e+00   0.0000000e+00
   1.4490000e+04   3.4841848e+00   0.0000000e+00
   1.4500000e+04   3.4841152e+00   0.0000000e+00
   1.4510000e+04   3.4840455e+00   0.0000000e+00
   1.4520000e+04   3.4839758e+00   0.0000000e+00
   1.4530000e+04   3.4839061e+00   0.0000000e+00
   1.4540000e+04   3.4838364e+00   0.0000000e+00
   1.4550000e+04   3.4837667e+00   0.0000000e+00
   1.4560000e+04   3.4836970e+00   0.0000000e+00
   1.4570000e+04   3.4836273e+00   0.0000000e+00
   1.4580000e+04   3.4835576e+00   0.0000000e+00
   1.4590000e+04   3.4834879e+00   0.0000000e+00
   1.4600000e+04   3.4834182e+00   0.0000000e+00
   1.4610000e+04   3.4833485e+00   0.0000000e+00
   1.4620000e+04   3.4832788e+00   0.0000000e+00
   1.4630000e+04   3.4832091e+00   0.0000000e+00
   1.4640000e+04   3.4831394e+00   0.0000000e+00
   1.4650000e+04   3.4830697e+00   0.0000000e+00
   1.4660000e+04   3.4830000e+00   0.0000000e+00
   1.4670000e+04   3.4829303e+00   0.0000000e+00
   1.4680000e+04   3.4828606e+00   0.0000000e+00
   1.4690000e+04   3.4827909e+00   0.0000000e+00
   1.4700000e+04   3.4827212e+00   0.0000000e+00
   1.4710000e+04   3.4826515e+00   0.0000000e+00
   1.4720000e+04   3.4825818e+00   0.0000000e+00
   1.4730000e+04   3.4825121e+00   0.0000000e+00
   1.4740000e+04   3.4824424e+00   0.0000000e+00
   1.4750000e+04   3.4823727e+00   0.0000000e+00
   1.4760000e+04   3.4823030e+00   0.0000000e+00
   1.4770000e+04   3.4822333e+00   0.0000000e+00
   1.4780000e+04   3.4821636e+00   0.0000000e+00
   1.4790000e+04   3.4820939e+00   0.0000000e+00
   1.4800000e+04   3.4820242e+00   0.0000000e+00
   1.4810000e+04   3.4819545e+00   0.0000000e+00
   1.4820000e+04   3.4818848e+00   0.0000000e+00
   1.4830000e+04   3.4818152e+00   0.0000000e+00
   1.4840000e+04   3.4817455e+00   0.0000000e+00
   1.4850000e+04   3.4816758e+00   0.0000000e+00
   1.4860000e+04   3.4816061e+00   0.0000000e+00
   1.4870000e+04   3.4815364e+00   0.0000000e+00
   1.4880000e+04   3.4814667e+00   0.0000000e+00
   1.4890000e+04   3.4813970e+00   0.0000000e+00
   1.4900000e+04   3.4813273e+00   0.0000000e+00
   1.4910000e+04   3.4812576e+00   0.0000000e+00
   1.4920000e+04   3.4811879e+00   0.0000000e+00
   1.4930000e+04   3.4811182e+00   0.0000000e+00
   1.4940000e+04   3.4810485e+00   0.0000000e+00
   1.4950000e+04   3.4809788e+00   0.0000000e+00
   1.4960000e+04   3.4809091e+00   0.0000000e+00
   1.4970000e+04   3.4808394e+00   0.0000000e+00
   1.4980000e+04   3.4807697e+00   0.0000000e+00
   1.4990000e+04   3.4807000e+00   0.0000000e+00
   1.5000000e+04   3.4806303e+00   0.0000000e+00
   1.5010000e+04   3.4805606e+00   0.0000000e+00
   1.5020000e+04   3.4804909e+00   0.0000000e+00
   1.5030000e+04   3.4804212e+00   0.0000000e+00
   1.5040000e+04   3.4803515e+00   0.0000000e+00
   1.5050000e+04   3.4802818e+00   0.0000000e+00
   1.5060000e+04   3.4802121e+00   0.0000000e+00
   1.5070000e+04   3.4801424e+00   0.0000000e+00
   1.5080000e+04   3.4800727e+00   0.0000000e+00
   1.5090000e+04   3.4800030e+00   0.0000000e+00
   1.5100000e+04   3.4799333e+00   0.0000000e+00
   1.5110000e+04   3.4798636e+00   0.0000000e+00
   1.5120000e+04   3.4797939e+00   0.0000000e+00
   1.5130000e+04   3.4797242e+00   0.0000000e+00
   1.5140000e+04   3.4796545e+00   0.0000000e+00
   1.5150000e+04   3.4795848e+00   0.0000000e+00
   1.5160000e+04   3.4795152e+00   0.0000000e+00
   1.5170000e+04   3.4794455e+00   0.0000000e+00
   1.5180000e+04   3.4793758e+00   0.0000000e+00
   1.5190000e+04   3.4793061e+00   0.0000000e+00
   1.5200000e+04   3.4792364e+00   0.0000000e+00
   1.5210000e+04   3.4791667e+00   0.0000000e+00
   1.5220000e+04   3.4790970e+00   0.0000000e+00
   1.5230000e+04   3.4790273e+00   0.0000000e+00
   1.5240000e+04   3.4789576e+00   0.0000000e+00
   1.5250000e+04   3.4788879e+00   0.0000000e+00
   1.5260000e+04   3.4788182e+00   0.0000000e+00
   1.5270000e+04   3.4787485e+00   0.0000000e+00
   1.5280000e+04   3.4786788e+00   0.0000000e+00
   1.5290000e+04   3.4786091e+00   0.0000000e+00
   1.5300000e+04   3.4785394e+00   0.0000000e+00
   1.5310000e+04   3.4784697e+00   0.0000000e+00
   1.5320000e+04   3.4784000e+00   0.0000000e+00
   1.5330000e+04   3.4782912e+00   0.0000000e+00
   1.5340000e+04   3.4781824e+00   0.0000000e+00
   1.5350000e+04   3.4780735e+00   0.0000000e+00
   1.5360000e+04   3.4779647e+00   0.0000000e+00
   1.5370000e+04   3.4778559e+00   0.0000000e+00
   1.5380000e+04   3.4777471e+00   0.0000000e+00
   1.5390000e+04   3.4776382e+00   0.0000000e+00
   1.5400000e+04   3.4775294e+00   0.0000000e+00
   1.5410000e+04   3.4774206e+00   0.0000000e+00
   1.5420000e+04   3.4773118e+00   0.0000000e+00
   1.5430000e+04   3.4772029e+00   0.0000000e+00
   1.5440000e+04   3.4770941e+00   0.0000000e+00
   1.5450000e+04   3.4769853e+00   0.0000000e+00
   1.5460000e+04   3.4768765e+00   0.0000000e+00
   1.5470000e+04   3.4767676e+00   0.0000000e+00
   1.5480000e+04   3.4766588e+00   0.0000000e+00
   1.5490000e+04   3.4765500e+00   0.0000000e+00
   1.5500000e+04   3.4764412e+00   0.0000000e+00
   1.5510000e+04   3.4763324e+00   0.0000000e+00
   1.5520000e+04   3.4762235e+00   0.0000000e+00
   1.5530000e+04   3.4761147e+00   0.0000000e+00
   1.5540000e+04   3.4760059e+00   0.0000000e+00
   1.5550000e+04   3.4758971e+00   0.0000000e+00
   1.5560000e+04   3.4757882e+00   0.0000000e+00
   1.5570000e+04   3.4756794e+00   0.0000000e+00
   1.5580000e+04   3.4755706e+00   0.0000000e+00
   1.5590000e+04   3.4754618e+00   0.0000000e+00
   1.5600000e+04   3.4753529e+00   0.0000000e+00
   1.5610000e+04   3.4752441e+00   0.0000000e+00
   1.5620000e+04   3.4751353e+00   0.0000000e+00
   1.5630000e+04   3.4750265e+00   0.0000000e+00
   1.5640000e+04   3.4749176e+00   0.0000000e+00
   1.5650000e+04   3.4748088e+00   0.0000000e+00
   1.5660000e+04   3.4747000e+00   0.0000000e+00
   1.5670000e+04   3.4745912e+00   0.0000000e+00
   1.5680000e+04   3.4744824e+00   0.0000000e+00
   1.5690000e+04   3.4743735e+00   0.0000000e+00
   1.5700000e+04   3.4742647e+00   0.0000000e+00
   1.5710000e+04   3.4741559e+00   0.0000000e+00
   1.5720000e+04   3.4740471e+00   0.0000000e+00
   1.5730000e+04   3.4739382e+00   0.0000000e+00
   1.5740000e+04   3.4738294e+00   0.0000000e+00
   1.5750000e+04   3.4737206e+00   0.0000000e+00
   1.5760000e+04   3.4736118e+00   0.0000000e+00
   1.5770000e+04   3.4735029e+00   0.0000000e+00
   1.5780000e+04   3.4733941e+00   0.0000000e+00
   1.5790000e+04   3.4732853e+00   0.0000000e+00
   1.5800000e+04   3.4731765e+00   0.0000000e+00
   1.5810000e+04   3.4730676e+00   0.0000000e+00
   1.5820000e+04   3.4729588e+00   0.0000000e+00
   1.5830000e+04   3.4728500e+00   0.0000000e+00
   1.5840000e+04   3.4727412e+00   0.0000000e+00
   1.5850000e+04   3.4726324e+00   0.0000000e+00
   1.5860000e+04   3.4725235e+00   0.0000000e+00
   1.5870000e+04   3.4724147e+00   0.0000000e+00
   1.5880000e+04   3.4723059e+00   0.0000000e+00
   1.5890000e+04   3.4721971e+00   0.0000000e+00
   1.5900000e+04   3.4720882e+00   0.0000000e+00
   1.5910000e+04   3.4719794e+00   0.0000000e+00
   1.5920000e+04   3.4718706e+00   0.0000000e+00
   1.5930000e+04   3.4717618e+00   0.0000000e+00
   1.5940000e+04   3.4716529e+00   0.0000000e+00
   1.5950000e+04   3.4715441e+00   0.0000000e+00
   1.5960000e+04   3.4714353e+00   0.0000000e+00
   1.5970000e+04   3.4713265e+00   0.0000000e+00
   1.5980000e+04   3.4712176e+00   0.0000000e+00
   1.5990000e+04   3.4711088e+00   0.0000000e+00
   1.6000000e+04   3.4710000e+00   0.0000000e+00
   1.6010000e+04   3.4709313e+00   0.0000000e+00
   1.6020000e+04   3.4708625e+00   0.0000000e+00
   1.6030000e+04   3.4707937e+00   0.0000000e+00
   1.6040000e+04   3.4707250e+00   0.0000000e+00
   1.6050000e+04   3.4706563e+00   0.0000000e+00
   1.6060000e+04   3.4705875e+00   0.0000000e+00
   1.6070000e+04   3.4705188e+00   0.0000000e+00
   1.6080000e+04   3.4704500e+00   0.0000000e+00
   1.6090000e+04   3.4703812e+00   0.0000000e+00
   1.6100000e+04   3.4703125e+00   0.0000000e+00
   1.6110000e+04   3.4702437e+00   0.0000000e+00
   1.6120000e+04   3.4701750e+00   0.0000000e+00
   1.6130000e+04   3.4701063e+00   0.0000000e+00
   1.6140000e+04   3.4700375e+00   0.0000000e+00
   1.6150000e+04   3.4699688e+00   0.0000000e+00
   1.6160000e+04   3.4699000e+00   0.0000000e+00
   1.6170000e+04   3.4698312e+00   0.0000000e+00
   1.6180000e+04   3.4697625e+00   0.0000000e+00
   1.6190000e+04   3.4696938e+00   0.0000000e+00
   1.6200000e+04   3.4696250e+00   0.0000000e+00
   1.6210000e+04   3.4695563e+00   0.0000000e+00
   1.6220000e+04   3.4694875e+00   0.0000000e+00
   1.6230000e+04   3.4694187e+00   0.0000000e+00
   1.6240000e+04   3.4693500e+00   0.0000000e+00
   1.6250000e+04   3.4692812e+00   0.0000000e+00
   1.6260000e+04   3.4692125e+00   0.0000000e+00
   1.6270000e+04   3.4691438e+00   0.0000000e+00
   1.6280000e+04   3.4690750e+00   0.0000000e+00
   1.6290000e+04   3.4690063e+00   0.0000000e+00
   1.6300000e+04   3.4689375e+00   0.0000000e+00
   1.6310000e+04   3.4688687e+00   0.0000000e+00
   1.6320000e+04   3.4688000e+00   0.0000000e+00
   1.6330000e+04   3.4687312e+00   0.0000000e+00
   1.6340000e+04   3.4686625e+00   0.0000000e+00
   1.6350000e+04   3.4685938e+00   0.0000000e+00
   1.6360000e+04   3.4685250e+00   0.0000000e+00
   1.6370000e+04   3.4684563e+00   0.0000000e+00
   1.6380000e+04   3.4683875e+00   0.0000000e+00
   1.6390000e+04   3.4683187e+00   0.0000000e+00
   1.6400000e+04   3.4682500e+00   0.0000000e+00
   1.6410000e+04   3.4681813e+00   0.0000000e+00
   1.6420000e+04   3.4681125e+00   0.0000000e+00
   1.6430000e+04   3.4680438e+00   0.0000000e+00
   1.6440000e+04   3.4679750e+00   0.0000000e+00
   1.6450000e+04   3.4679062e+00   0.0000000e+00
   1.6460000e+04   3.4678375e+00   0.0000000e+00
   1.6470000e+04   3.4677687e+00   0.0000000e+00
   1.6480000e+04   3.4677000e+00   0.0000000e+00
   1.6490000e+04   3.4676313e+00   0.0000000e+00
   1.6500000e+04   3.4675625e+00   0.0000000e+00
   1.6510000e+04   3.4674938e+00   0.0000000e+00
   1.6520000e+04   3.4674250e+00   0.0000000e+00
   1.6530000e+04   3.4673562e+00   0.0000000e+00
   1.6540000e+04   3.4672875e+00   0.0000000e+00
   1.6550000e+04   3.4672187e+00   0.0000000e+00
   1.6560000e+04   3.4671500e+00   0.0000000e+00
   1.6570000e+04   3.4670813e+00   0.0000000e+00
   1.6580000e+04   3.4670125e+00   0.0000000e+00
   1.6590000e+04   3.4669437e+00   0.0000000e+00
   1.6600000e+04   3.4668750e+00   0.0000000e+00
   1.6610000e+04   3.4668062e+00   0.0000000e+00
   1.6620000e+04   3.4667375e+00   0.0000000e+00
   1.6630000e+04   3.4666688e+00   0.0000000e+00
   1.6640000e+04   3.4666000e+00   0.0000000e+00
   1.6650000e+04   3.4665313e+00   0.0000000e+00
   1.6660000e+04   3.4664625e+00   0.0000000e+00
   1.6670000e+04   3.4663937e+00   0.0000000e+00
   1.6680000e+04   3.4663250e+00   0.0000000e+00
   1.6690000e+04   3.4662562e+00   0.0000000e+00
   1.6700000e+04   3.4661875e+00   0.0000000e+00
   1.6710000e+04   3.4661188e+00   0.0000000e+00
   1.6720000e+04   3.4660500e+00   0.0000000e+00
   1.6730000e+04   3.4659813e+00   0.0000000e+00
   1.6740000e+04   3.4659125e+00   0.0000000e+00
   1.6750000e+04   3.4658437e+00   0.0000000e+00
   1.6760000e+04   3.4657750e+00   0.0000000e+00
   1.6770000e+04   3.4657062e+00   0.0000000e+00
   1.6780000e+04   3.4656375e+00   0.0000000e+00
   1.6790000e+04   3.4655688e+00   0.0000000e+00
   1.6800000e+04   3.4655000e+00   0.0000000e+00
   1.6810000e+04   3.4654312e+00   0.0000000e+00
   1.6820000e+04   3.4653625e+00   0.0000000e+00
   1.6830000e+04   3.4652937e+00   0.0000000e+00
   1.6840000e+04   3.4652250e+00   0.0000000e+00
   1.6850000e+04   3.4651563e+00   0.0000000e+00
   1.6860000e+04   3.4650875e+00   0.0000000e+00
   1.6870000e+04   3.4650188e+00   0.0000000e+00
   1.6880000e+04   3.4649500e+00   0.0000000e+00
   1.6890000e+04   3.4648812e+00   0.0000000e+00
   1.6900000e+04   3.4648125e+00   0.0000000e+00
   1.6910000e+04   3.4647437e+00   0.0000000e+00
   1.6920000e+04   3.4646750e+00   0.0000000e+00
   1.6930000e+04   3.4646063e+00   0.0000000e+00
   1.6940000e+04   3.4645375e+00   0.0000000e+00
   1.6950000e+04   3.4644687e+00   0.0000000e+00
   1.6960000e+04   3.4644000e+00   0.0000000e+00
   1.6970000e+04   3.4643365e+00   0.0000000e+00
   1.6980000e+04   3.4642731e+00   0.0000000e+00
   1.6990000e+04   3.4642096e+00   0.0000000e+00
   1.7000000e+04   3.4641462e+00   0.0000000e+00
   1.7020000e+04   3.4640192e+00   0.0000000e+00
   1.7050000e+04   3.4638288e+00   0.0000000e+00
   1.7100000e+04   3.4635115e+00   0.0000000e+00
   1.7150000e+04   3.4631942e+00   0.0000000e+00
   1.7200000e+04   3.4628769e+00   0.0000000e+00
   1.7250000e+04   3.4625596e+00   0.0000000e+00
   1.7300000e+04   3.4622423e+00   0.0000000e+00
   1.7350000e+04   3.4619250e+00   0.0000000e+00
   1.7400000e+04   3.4616077e+00   0.0000000e+00
   1.7450000e+04   3.4612904e+00   0.0000000e+00
   1.7500000e+04   3.4609731e+00   0.0000000e+00
   1.7550000e+04   3.4606558e+00   0.0000000e+00
   1.7600000e+04   3.4603385e+00   0.0000000e+00
   1.7650000e+04   3.4600212e+00   0.0000000e+00
   1.7700000e+04   3.4597038e+00   0.0000000e+00
   1.7750000e+04   3.4593865e+00   0.0000000e+00
   1.7800000e+04   3.4590692e+00   0.0000000e+00
   1.7850000e+04   3.4587519e+00   0.0000000e+00
   1.7900000e+04   3.4584346e+00   0.0000000e+00
   1.7950000e+04   3.4581173e+00   0.0000000e+00
   1.8000000e+04   3.4578000e+00   0.0000000e+00
   1.8050000e+04   3.4575800e+00   0.0000000e+00
   1.8100000e+04   3.4573600e+00   0.0000000e+00
   1.8150000e+04   3.4571400e+00   0.0000000e+00
   1.8200000e+04   3.4569200e+00   0.0000000e+00
   1.8250000e+04   3.4567000e+00   0.0000000e+00
   1.8300000e+04   3.4564800e+00   0.0000000e+00
   1.8350000e+04   3.4562600e+00   0.0000000e+00
   1.8400000e+04   3.4560400e+00   0.0000000e+00
   1.8450000e+04   3.4558200e+00   0.0000000e+00
   1.8500000e+04   3.4556000e+00   0.0000000e+00
   1.8550000e+04   3.4553800e+00   0.0000000e+00
   1.8600000e+04   3.4551600e+00   0.0000000e+00
   1.8650000e+04   3.4549400e+00   0.0000000e+00
   1.8700000e+04   3.4547200e+00   0.0000000e+00
   1.8750000e+04   3.4545000e+00   0.0000000e+00
   1.8800000e+04   3.4542800e+00   0.0000000e+00
   1.8850000e+04   3.4540600e+00   0.0000000e+00
   1.8900000e+04   3.4538400e+00   0.0000000e+00
   1.8950000e+04   3.4536200e+00   0.0000000e+00
   1.9000000e+04   3.4534000e+00   0.0000000e+00
   1.9050000e+04   3.4531800e+00   0.0000000e+00
   1.9100000e+04   3.4529600e+00   0.0000000e+00
   1.9150000e+04   3.4527400e+00   0.0000000e+00
   1.9200000e+04   3.4525200e+00   0.0000000e+00
   1.9250000e+04   3.4523000e+00   0.0000000e+00
   1.9300000e+04   3.4520800e+00   0.0000000e+00
   1.9350000e+04   3.4518600e+00   0.0000000e+00
   1.9400000e+04   3.4516400e+00   0.0000000e+00
   1.9450000e+04   3.4514200e+00   0.0000000e+00
   1.9500000e+04   3.4512000e+00   0.0000000e+00
   1.9550000e+04   3.4509800e+00   0.0000000e+00
   1.9600000e+04   3.4507600e+00   0.0000000e+00
   1.9650000e+04   3.4505400e+00   0.0000000e+00
   1.9700000e+04   3.4503200e+00   0.0000000e+00
   1.9750000e+04   3.4501000e+00   0.0000000e+00
   1.9800000e+04   3.4498800e+00   0.0000000e+00
   1.9850000e+04   3.4496600e+00   0.0000000e+00
   1.9900000e+04   3.4494400e+00   0.0000000e+00
   1.9950000e+04   3.4492200e+00   0.0000000e+00
   2.0000000e+04   3.4490000e+00   0.0000000e+00
   2.0050000e+04   3.4489360e+00   0.0000000e+00
   2.0100000e+04   3.4488719e+00   0.0000000e+00
   2.0150000e+04   3.4488079e+00   0.0000000e+00
   2.0200000e+04   3.4487439e+00   0.0000000e+00
   2.0250000e+04   3.4486799e+00   0.0000000e+00
   2.0300000e+04   3.4486158e+00   0.0000000e+00
   2.0350000e+04   3.4485518e+00   0.0000000e+00
   2.0400000e+04   3.4484878e+00   0.0000000e+00
   2.0450000e+04   3.4484237e+00   0.0000000e+00
   2.0500000e+04   3.4483597e+00   0.0000000e+00
   2.0550000e+04   3.4482957e+00   0.0000000e+00
   2.0600000e+04   3.4482316e+00   0.0000000e+00
   2.0650000e+04   3.4481676e+00   0.0000000e+00
   2.0700000e+04   3.4481036e+00   0.0000000e+00
   2.0750000e+04   3.4480396e+00   0.0000000e+00
   2.0800000e+04   3.4479755e+00   0.0000000e+00
   2.0850000e+04   3.4479115e+00   0.0000000e+00
   2.0900000e+04   3.4478475e+00   0.0000000e+00
   2.0950000e+04   3.4477834e+00   0.0000000e+00
   2.1000000e+04   3.4477194e+00   0.0000000e+00
   2.1050000e+04   3.4476554e+00   0.0000000e+00
   2.1100000e+04   3.4475914e+00   0.0000000e+00
   2.1150000e+04   3.4475273e+00   0.0000000e+00
   2.1200000e+04   3.4474633e+00   0.0000000e+00
   2.1250000e+04   3.4473993e+00   0.0000000e+00
   2.1300000e+04   3.4473352e+00   0.0000000e+00
   2.1350000e+04   3.4472712e+00   0.0000000e+00
   2.1400000e+04   3.4472072e+00   0.0000000e+00
   2.1450000e+04   3.4471432e+00   0.0000000e+00
   2.1500000e+04   3.4470791e+00   0.0000000e+00
   2.1550000e+04   3.4470151e+00   0.0000000e+00
   2.1600000e+04   3.4469511e+00   0.0000000e+00
   2.1650000e+04   3.4468870e+00   0.0000000e+00
   2.1700000e+04   3.4468230e+00   0.0000000e+00
   2.1750000e+04   3.4467590e+00   0.0000000e+00
   2.1800000e+04   3.4466949e+00   0.0000000e+00
   2.1850000e+04   3.4466309e+00   0.0000000e+00
   2.1900000e+04   3.4465669e+00   0.0000000e+00
   2.1950000e+04   3.4465029e+00   0.0000000e+00
   2.2000000e+04   3.4464388e+00   0.0000000e+00
   2.2050000e+04   3.4463748e+00   0.0000000e+00
   2.2100000e+04   3.4463108e+00   0.0000000e+00
   2.2150000e+04   3.4462467e+00   0.0000000e+00
   2.2200000e+04   3.4461827e+00   0.0000000e+00
   2.2250000e+04   3.4461187e+00   0.0000000e+00
   2.2300000e+04   3.4460547e+00   0.0000000e+00
   2.2350000e+04   3.4459906e+00   0.0000000e+00
   2.2400000e+04   3.4459266e+00   0.0000000e+00
   2.2450000e+04   3.4458626e+00   0.0000000e+00
   2.2500000e+04   3.4457985e+00   0.0000000e+00
   2.2550000e+04   3.4457345e+00   0.0000000e+00
   2.2600000e+04   3.4456705e+00   0.0000000e+00
   2.2650000e+04   3.4456064e+00   0.0000000e+00
   2.2700000e+04   3.4455424e+00   0.0000000e+00
   2.2750000e+04   3.4454784e+00   0.0000000e+00
   2.2800000e+04   3.4454144e+00   0.0000000e+00
   2.2850000e+04   3.4453503e+00   0.0000000e+00
   2.2900000e+04   3.4452863e+00   0.0000000e+00
   2.2950000e+04   3.4452223e+00   0.0000000e+00
   2.3000000e+04   3.4451582e+00   0.0000000e+00
   2.3050000e+04   3.4450942e+00   0.0000000e+00
   2.3100000e+04   3.4450302e+00   0.0000000e+00
   2.3150000e+04   3.4449662e+00   0.0000000e+00
   2.3200000e+04   3.4449021e+00   0.0000000e+00
   2.3250000e+04   3.4448381e+00   0.0000000e+00
   2.3300000e+04   3.4447741e+00   0.0000000e+00
   2.3350000e+04   3.4447100e+00   0.0000000e+00
   2.3400000e+04   3.4446460e+00   0.0000000e+00
   2.3450000e+04   3.4445820e+00   0.0000000e+00
   2.3500000e+04   3.4445180e+00   0.0000000e+00
   2.3550000e+04   3.4444539e+00   0.0000000e+00
   2.3600000e+04   3.4443899e+00   0.0000000e+00
   2.3650000e+04   3.4443259e+00   0.0000000e+00
   2.3700000e+04   3.4442618e+00   0.0000000e+00
   2.3750000e+04   3.4441978e+00   0.0000000e+00
   2.3800000e+04   3.4441338e+00   0.0000000e+00
   2.3850000e+04   3.4440697e+00   0.0000000e+00
   2.3900000e+04   3.4440057e+00   0.0000000e+00
   2.3950000e+04   3.4439417e+00   0.0000000e+00
   2.4000000e+04   3.4438777e+00   0.0000000e+00
   2.4050000e+04   3.4438136e+00   0.0000000e+00
   2.4100000e+04   3.4437496e+00   0.0000000e+00
   2.4150000e+04   3.4436856e+00   0.0000000e+00
   2.4200000e+04   3.4436215e+00   0.0000000e+00
   2.4250000e+04   3.4435575e+00   0.0000000e+00
   2.4300000e+04   3.4434935e+00   0.0000000e+00
   2.4350000e+04   3.4434295e+00   0.0000000e+00
   2.4400000e+04   3.4433569e+00   0.0000000e+00
   2.4450000e+04   3.4432772e+00   0.0000000e+00
   2.4500000e+04   3.4431974e+00   0.0000000e+00
   2.4550000e+04   3.4431177e+00   0.0000000e+00
   2.4600000e+04   3.4430380e+00   0.0000000e+00
   2.4650000e+04   3.4429582e+00   0.0000000e+00
   2.4700000e+04   3.4428785e+00   0.0000000e+00
   2.4750000e+04   3.4427987e+00   0.0000000e+00
   2.4800000e+04   3.4427190e+00   0.0000000e+00
   2.4850000e+04   3.4426392e+00   0.0000000e+00
   2.4900000e+04   3.4425595e+00   0.0000000e+00
   2.4950000e+04   3.4424797e+00   0.0000000e+00
   2.5000000e+04   3.4424000e+00   0.0000000e+00
   2.5050000e+04   3.4423277e+00   0.0000000e+00
   2.5100000e+04   3.4422554e+00   0.0000000e+00
   2.5150000e+04   3.4421831e+00   0.0000000e+00
   2.5200000e+04   3.4421108e+00   0.0000000e+00
   2.5250000e+04   3.4420385e+00   0.0000000e+00
   2.5300000e+04   3.4419662e+00   0.0000000e+00
   2.5350000e+04   3.4418939e+00   0.0000000e+00
   2.5400000e+04   3.4418216e+00   0.0000000e+00
   2.5450000e+04   3.4417493e+00   0.0000000e+00
   2.5500000e+04   3.4416771e+00   0.0000000e+00
   2.5550000e+04   3.4416048e+00   0.0000000e+00
   2.5600000e+04   3.4415325e+00   0.0000000e+00
   2.5650000e+04   3.4414602e+00   0.0000000e+00
   2.5700000e+04   3.4413879e+00   0.0000000e+00
   2.5750000e+04   3.4413156e+00   0.0000000e+00
   2.5800000e+04   3.4412433e+00   0.0000000e+00
   2.5850000e+04   3.4411710e+00   0.0000000e+00
   2.5900000e+04   3.4410987e+00   0.0000000e+00
   2.5950000e+04   3.4410264e+00   0.0000000e+00
   2.6000000e+04   3.4409541e+00   0.0000000e+00
   2.6050000e+04   3.4408818e+00   0.0000000e+00
   2.6100000e+04   3.4408095e+00   0.0000000e+00
   2.6150000e+04   3.4407372e+00   0.0000000e+00
   2.6200000e+04   3.4406649e+00   0.0000000e+00
   2.6250000e+04   3.4405926e+00   0.0000000e+00
   2.6300000e+04   3.4405203e+00   0.0000000e+00
   2.6350000e+04   3.4404480e+00   0.0000000e+00
   2.6400000e+04   3.4403757e+00   0.0000000e+00
   2.6450000e+04   3.4403035e+00   0.0000000e+00
   2.6500000e+04   3.4402312e+00   0.0000000e+00
   2.6550000e+04   3.4401589e+00   0.0000000e+00
   2.6600000e+04   3.4400866e+00   0.0000000e+00
   2.6650000e+04   3.4400143e+00   0.0000000e+00
   2.6700000e+04   3.4399420e+00   0.0000000e+00
   2.6750000e+04   3.4398697e+00   0.0000000e+00
   2.6800000e+04   3.4397974e+00   0.0000000e+00
   2.6850000e+04   3.4397251e+00   0.0000000e+00
   2.6900000e+04   3.4396528e+00   0.0000000e+00
   2.6950000e+04   3.4395805e+00   0.0000000e+00
   2.7000000e+04   3.4395082e+00   0.0000000e+00
   2.7050000e+04   3.4394359e+00   0.0000000e+00
   2.7100000e+04   3.4393636e+00   0.0000000e+00
   2.7150000e+04   3.4392933e+00   0.0000000e+00
   2.7200000e+04   3.4392373e+00   0.0000000e+00
   2.7250000e+04   3.4391812e+00   0.0000000e+00
   2.7300000e+04   3.4391252e+00   0.0000000e+00
   2.7350000e+04   3.4390692e+00   0.0000000e+00
   2.7400000e+04   3.4390132e+00   0.0000000e+00
   2.7450000e+04   3.4389571e+00   0.0000000e+00
   2.7500000e+04   3.4389011e+00   0.0000000e+00
   2.7550000e+04   3.4388451e+00   0.0000000e+00
   2.7600000e+04   3.4387891e+00   0.0000000e+00
   2.7650000e+04   3.4387331e+00   0.0000000e+00
   2.7700000e+04   3.4386770e+00   0.0000000e+00
   2.7750000e+04   3.4386210e+00   0.0000000e+00
   2.7800000e+04   3.4385650e+00   0.0000000e+00
   2.7850000e+04   3.4385090e+00   0.0000000e+00
   2.7900000e+04   3.4384529e+00   0.0000000e+00
   2.7950000e+04   3.4383969e+00   0.0000000e+00
   2.8000000e+04   3.4383409e+00   0.0000000e+00
   2.8050000e+04   3.4382849e+00   0.0000000e+00
   2.8100000e+04   3.4382289e+00   0.0000000e+00
   2.8150000e+04   3.4381728e+00   0.0000000e+00
   2.8200000e+04   3.4381168e+00   0.0000000e+00
   2.8250000e+04   3.4380608e+00   0.0000000e+00
   2.8300000e+04   3.4380048e+00   0.0000000e+00
   2.8350000e+04   3.4379487e+00   0.0000000e+00
   2.8400000e+04   3.4378927e+00   0.0000000e+00
   2.8450000e+04   3.4378367e+00   0.0000000e+00
   2.8500000e+04   3.4377807e+00   0.0000000e+00
   2.8550000e+04   3.4377246e+00   0.0000000e+00
   2.8600000e+04   3.4376686e+00   0.0000000e+00
   2.8650000e+04   3.4376126e+00   0.0000000e+00
   2.8700000e+04   3.4375566e+00   0.0000000e+00
   2.8750000e+04   3.4375006e+00   0.0000000e+00
   2.8800000e+04   3.4374445e+00   0.0000000e+00
   2.8850000e+04   3.4373885e+00   0.0000000e+00
   2.8900000e+04   3.4373325e+00   0.0000000e+00
   2.8950000e+04   3.4372765e+00   0.0000000e+00
   2.9000000e+04   3.4372204e+00   0.0000000e+00
   2.9050000e+04   3.4371644e+00   0.0000000e+00
   2.9100000e+04   3.4371084e+00   0.0000000e+00
   2.9150000e+04   3.4370524e+00   0.0000000e+00
   2.9200000e+04   3.4369964e+00   0.0000000e+00
   2.9250000e+04   3.4369403e+00   0.0000000e+00
   2.9300000e+04   3.4368843e+00   0.0000000e+00
   2.9350000e+04   3.4368283e+00   0.0000000e+00
   2.9400000e+04   3.4367723e+00   0.0000000e+00
   2.9450000e+04   3.4367162e+00   0.0000000e+00
   2.9500000e+04   3.4366602e+00   0.0000000e+00
   2.9550000e+04   3.4366042e+00   0.0000000e+00
   2.9600000e+04   3.4365482e+00   0.0000000e+00
   2.9650000e+04   3.4364922e+00   0.0000000e+00
   2.9700000e+04   3.4364361e+00   0.0000000e+00
   2.9750000e+04   3.4363801e+00   0.0000000e+00
   2.9800000e+04   3.4363241e+00   0.0000000e+00
   2.9850000e+04   3.4362681e+00   0.0000000e+00
   2.9900000e+04   3.4362120e+00   0.0000000e+00
   2.9950000e+04   3.4361560e+00   0.0000000e+00
   3.0000000e+04   3.4361000e+00   0.0000000e+00
   3.0050000e+04   3.4360571e+00   0.0000000e+00
   3.0100000e+04   3.4360143e+00   0.0000000e+00
   3.0150000e+04   3.4359714e+00   0.0000000e+00
   3.0200000e+04   3.4359286e+00   0.0000000e+00
   3.0250000e+04   3.4358857e+00   0.0000000e+00
   3.0300000e+04   3.4358429e+00   0.0000000e+00
   3.0350000e+04   3.4358000e+00   0.0000000e+00
   3.0400000e+04   3.4357571e+00   0.0000000e+00
   3.0450000e+04   3.4357143e+00   0.0000000e+00
   3.0500000e+04   3.4356714e+00   0.0000000e+00
   3.0550000e+04   3.4356286e+00   0.0000000e+00
   3.0600000e+04   3.4355857e+00   0.0000000e+00
   3.0650000e+04   3.4355429e+00   0.0000000e+00
   3.0700000e+04   3.4355000e+00   0.0000000e+00
   3.0750000e+04   3.4354571e+00   0.0000000e+00
   3.0800000e+04   3.4354143e+00   0.0000000e+00
   3.0850000e+04   3.4353714e+00   0.0000000e+00
   3.0900000e+04   3.4353286e+00   0.0000000e+00
   3.0950000e+04   3.4352857e+00   0.0000000e+00
   3.1000000e+04   3.4352428e+00   0.0000000e+00
   3.1050000e+04   3.4352000e+00   0.0000000e+00
   3.1100000e+04   3.4351571e+00   0.0000000e+00
   3.1150000e+04   3.4351143e+00   0.0000000e+00
   3.1200000e+04   3.4350714e+00   0.0000000e+00
   3.1250000e+04   3.4350286e+00   0.0000000e+00
   3.1300000e+04   3.4349857e+00   0.0000000e+00
   3.1350000e+04   3.4349428e+00   0.0000000e+00
   3.1400000e+04   3.4349000e+00   0.0000000e+00
   3.1450000e+04   3.4348571e+00   0.0000000e+00
   3.1500000e+04   3.4348143e+00   0.0000000e+00
   3.1550000e+04   3.4347714e+00   0.0000000e+00
   3.1600000e+04   3.4347286e+00   0.0000000e+00
   3.1650000e+04   3.4346857e+00   0.0000000e+00
   3.1700000e+04   3.4346428e+00   0.0000000e+00
   3.1750000e+04   3.4346000e+00   0.0000000e+00
   3.1800000e+04   3.4345571e+00   0.0000000e+00
   3.1850000e+04   3.4345143e+00   0.0000000e+00
   3.1900000e+04   3.4344714e+00   0.0000000e+00
   3.1950000e+04   3.4344286e+00   0.0000000e+00
   3.2000000e+04   3.4343857e+00   0.0000000e+00
   3.2050000e+04   3.4343428e+00   0.0000000e+00
   3.2100000e+04   3.4343000e+00   0.0000000e+00
   3.2150000e+04   3.4342571e+00   0.0000000e+00
   3.2200000e+04   3.4342143e+00   0.0000000e+00
   3.2250000e+04   3.4341714e+00   0.0000000e+00
   3.2300000e+04   3.4341285e+00   0.0000000e+00
   3.2350000e+04   3.4340857e+00   0.0000000e+00
   3.2400000e+04   3.4340428e+00   0.0000000e+00
   3.2450000e+04   3.4340000e+00   0.0000000e+00
   3.2500000e+04   3.4339571e+00   0.0000000e+00
   3.2550000e+04   3.4339143e+00   0.0000000e+00
   3.2600000e+04   3.4338714e+00   0.0000000e+00
   3.2650000e+04   3.4338285e+00   0.0000000e+00
   3.2700000e+04   3.4337857e+00   0.0000000e+00
   3.2750000e+04   3.4337428e+00   0.0000000e+00
   3.2800000e+04   3.4337000e+00   0.0000000e+00
   3.2850000e+04   3.4336571e+00   0.0000000e+00
   3.2900000e+04   3.4336143e+00   0.0000000e+00
   3.2950000e+04   3.4335714e+00   0.0000000e+00
   3.3000000e+04   3.4335285e+00   0.0000000e+00
   3.3050000e+04   3.4334884e+00   0.0000000e+00
   3.3100000e+04   3.4334538e+00   0.0000000e+00
   3.3150000e+04   3.4334191e+00   0.0000000e+00
   3.3200000e+04   3.4333845e+00   0.0000000e+00
   3.3250000e+04   3.4333499e+00   0.0000000e+00
   3.3300000e+04   3.4333152e+00   0.0000000e+00
   3.3350000e+04   3.4332806e+00   0.0000000e+00
   3.3400000e+04   3.4332459e+00   0.0000000e+00
   3.3450000e+04   3.4332113e+00   0.0000000e+00
   3.3500000e+04   3.4331767e+00   0.0000000e+00
   3.3550000e+04   3.4331420e+00   0.0000000e+00
   3.3600000e+04   3.4331074e+00   0.0000000e+00
   3.3650000e+04   3.4330727e+00   0.0000000e+00
   3.3700000e+04   3.4330381e+00   0.0000000e+00
   3.3750000e+04   3.4330035e+00   0.0000000e+00
   3.3800000e+04   3.4329688e+00   0.0000000e+00
   3.3850000e+04   3.4329342e+00   0.0000000e+00
   3.3900000e+04   3.4328995e+00   0.0000000e+00
   3.3950000e+04   3.4328649e+00   0.0000000e+00
   3.4000000e+04   3.4328303e+00   0.0000000e+00
   3.4050000e+04   3.4327956e+00   0.0000000e+00
   3.4100000e+04   3.4327610e+00   0.0000000e+00
   3.4150000e+04   3.4327263e+00   0.0000000e+00
   3.4200000e+04   3.4326911e+00   0.0000000e+00
   3.4250000e+04   3.4326542e+00   0.0000000e+00
   3.4300000e+04   3.4326172e+00   0.0000000e+00
   3.4350000e+04   3.4325803e+00   0.0000000e+00
   3.4400000e+04   3.4325433e+00   0.0000000e+00
   3.4450000e+04   3.4325064e+00   0.0000000e+00
   3.4500000e+04   3.4324695e+00   0.0000000e+00
   3.4550000e+04   3.4324325e+00   0.0000000e+00
   3.4600000e+04   3.4323956e+00   0.0000000e+00
   3.4650000e+04   3.4323586e+00   0.0000000e+00
   3.4700000e+04   3.4323217e+00   0.0000000e+00
   3.4750000e+04   3.4322847e+00   0.0000000e+00
   3.4800000e+04   3.4322478e+00   0.0000000e+00
   3.4850000e+04   3.4322108e+00   0.0000000e+00
   3.4900000e+04   3.4321739e+00   0.0000000e+00
   3.4950000e+04   3.4321369e+00   0.0000000e+00
   3.5000000e+04   3.4321000e+00   0.0000000e+00
   3.5050000e+04   3.4321000e+00   0.0000000e+00
   3.5100000e+04   3.4321000e+00   0.0000000e+00
   3.5150000e+04   3.4321000e+00   0.0000000e+00
   3.5200000e+04   3.4321000e+00   0.0000000e+00
   3.5250000e+04   3.4321000e+00   0.0000000e+00
   3.5300000e+04   3.4321000e+00   0.0000000e+00
   3.5350000e+04   3.4321000e+00   0.0000000e+00
   3.5400000e+04   3.4321000e+00   0.0000000e+00
   3.5450000e+04   3.4321000e+00   0.0000000e+00
   3.5500000e+04   3.4321000e+00   0.0000000e+00
   3.5550000e+04   3.4321000e+00   0.0000000e+00
   3.5600000e+04   3.4321000e+00   0.0000000e+00
   3.5650000e+04   3.4321000e+00   0.0000000e+00
   3.5700000e+04   3.4321000e+00   0.0000000e+00
   3.5750000e+04   3.4321000e+00   0.0000000e+00
   3.5800000e+04   3.4321000e+00   0.0000000e+00
   3.5850000e+04   3.4321000e+00   0.0000000e+00
   3.5900000e+04   3.4321000e+00   0.0000000e+00
   3.5950000e+04   3.4321000e+00   0.0000000e+00
   3.6000000e+04   3.4321000e+00   0.0000000e+00
   3.6050000e+04   3.4321000e+00   0.0000000e+00
   3.6100000e+04   3.4321000e+00   0.0000000e+00
   3.6150000e+04   3.4321000e+00   0.0000000e+00
   3.6200000e+04   3.4321000e+00   0.0000000e+00
   3.6250000e+04   3.4321000e+00   0.0000000e+00
   3.6300000e+04   3.4321000e+00   0.0000000e+00
   3.6350000e+04   3.4321000e+00   0.0000000e+00
   3.6400000e+04   3.4321000e+00   0.0000000e+00
   3.6450000e+04   3.4321000e+00   0.0000000e+00
   3.6500000e+04   3.4321000e+00   0.0000000e+00
   3.6550000e+04   3.4321000e+00   0.0000000e+00
   3.6600000e+04   3.4321000e+00   0.0000000e+00
   3.6650000e+04   3.4321000e+00   0.0000000e+00
   3.6700000e+04   3.4321000e+00   0.0000000e+00
   3.6750000e+04   3.4321000e+00   0.0000000e+00
   3.6800000e+04   3.4321000e+00   0.0000000e+00
   3.6850000e+04   3.4321000e+00   0.0000000e+00
   3.6900000e+04   3.4321000e+00   0.0000000e+00
   3.6950000e+04   3.4321000e+00   0.0000000e+00
   3.7000000e+04   3.4321000e+00   0.0000000e+00
   3.7050000e+04   3.4321000e+00   0.0000000e+00
   3.7100000e+04   3.4321000e+00   0.0000000e+00
   3.7150000e+04   3.4321000e+00   0.0000000e+00
   3.7200000e+04   3.4321000e+00   0.0000000e+00
   3.7250000e+04   3.4321000e+00   0.0000000e+00
   3.7300000e+04   3.4321000e+00   0.0000000e+00
   3.7350000e+04   3.4321000e+00   0.0000000e+00
   3.7400000e+04   3.4321000e+00   0.0000000e+00
   3.7450000e+04   3.4321000e+00   0.0000000e+00
   3.7500000e+04   3.4321000e+00   0.0000000e+00
   3.7550000e+04   3.4321000e+00   0.0000000e+00
   3.7600000e+04   3.4321000e+00   0.0000000e+00
   3.7650000e+04   3.4321000e+00   0.0000000e+00
   3.7700000e+04   3.4321000e+00   0.0000000e+00
   3.7750000e+04   3.4321000e+00   0.0000000e+00
   3.7800000e+04   3.4321000e+00   0.0000000e+00
   3.7850000e+04   3.4321000e+00   0.0000000e+00
   3.7900000e+04   3.4321000e+00   0.0000000e+00
   3.7950000e+04   3.4321000e+00   0.0000000e+00
   3.8000000e+04   3.4321000e+00   0.0000000e+00
   3.8050000e+04   3.4320325e+00   0.0000000e+00
   3.8100000e+04   3.4319650e+00   0.0000000e+00
   3.8150000e+04   3.4318975e+00   0.0000000e+00
   3.8200000e+04   3.4318300e+00   0.0000000e+00
   3.8250000e+04   3.4317625e+00   0.0000000e+00
   3.8300000e+04   3.4316950e+00   0.0000000e+00
   3.8350000e+04   3.4316275e+00   0.0000000e+00
   3.8400000e+04   3.4315600e+00   0.0000000e+00
   3.8450000e+04   3.4314925e+00   0.0000000e+00
   3.8500000e+04   3.4314250e+00   0.0000000e+00
   3.8550000e+04   3.4313575e+00   0.0000000e+00
   3.8600000e+04   3.4312900e+00   0.0000000e+00
   3.8650000e+04   3.4312225e+00   0.0000000e+00
   3.8700000e+04   3.4311550e+00   0.0000000e+00
   3.8750000e+04   3.4310875e+00   0.0000000e+00
   3.8800000e+04   3.4310200e+00   0.0000000e+00
   3.8850000e+04   3.4309525e+00   0.0000000e+00
   3.8900000e+04   3.4308850e+00   0.0000000e+00
   3.8950000e+04   3.4308175e+00   0.0000000e+00
   3.9000000e+04   3.4307500e+00   0.0000000e+00
   3.9050000e+04   3.4306825e+00   0.0000000e+00
   3.9100000e+04   3.4306150e+00   0.0000000e+00
   3.9150000e+04   3.4305475e+00   0.0000000e+00
   3.9200000e+04   3.4304800e+00   0.0000000e+00
   3.9250000e+04   3.4304125e+00   0.0000000e+00
   3.9300000e+04   3.4303450e+00   0.0000000e+00
   3.9350000e+04   3.4302775e+00   0.0000000e+00
   3.9400000e+04   3.4302100e+00   0.0000000e+00
   3.9450000e+04   3.4301425e+00   0.0000000e+00
   3.9500000e+04   3.4300750e+00   0.0000000e+00
   3.9550000e+04   3.4300075e+00   0.0000000e+00
   3.9600000e+04   3.4299400e+00   0.0000000e+00
   3.9650000e+04   3.4298725e+00   0.0000000e+00
   3.9700000e+04   3.4298050e+00   0.0000000e+00
   3.9750000e+04   3.4297375e+00   0.0000000e+00
   3.9800000e+04   3.4296700e+00   0.0000000e+00
   3.9850000e+04   3.4296025e+00   0.0000000e+00
   3.9900000e+04   3.4295350e+00   0.0000000e+00
   3.9950000e+04   3.4294675e+00   0.0000000e+00
   4.0000000e+04   3.4294000e+00   0.0000000e+00
