11999.9 1.98334 2.04841e-010
11921.4 1.98348 2.06249e-010
11844 1.98361 2.07659e-010
11767.6 1.98375 2.0907e-010
11692.2 1.98388 2.10482e-010
11617.7 1.98402 2.11896e-010
11544.2 1.98416 2.1331e-010
11471.6 1.9843 2.14726e-010
11399.9 1.98444 2.16144e-010
11329.1 1.98458 2.17562e-010
11259.1 1.98472 2.18982e-010
11190 1.98487 2.20403e-010
11121.8 1.98501 2.21826e-010
11054.4 1.98516 2.23249e-010
10987.8 1.9853 2.24675e-010
10922 1.98545 2.26101e-010
10857 1.9856 2.27529e-010
10792.8 1.98575 2.28958e-010
10729.3 1.9859 2.30389e-010
10666.5 1.98605 2.3182e-010
10604.5 1.9862 2.33254e-010
10543.2 1.98635 2.34689e-010
10482.6 1.98651 2.36125e-010
10422.7 1.98666 2.37562e-010
10363.5 1.98682 2.39001e-010
10305 1.98697 2.40442e-010
10247.1 1.98713 2.41883e-010
10189.8 1.98729 2.43327e-010
10133.2 1.98745 2.44772e-010
10077.2 1.98761 2.46218e-010
10021.9 1.98777 2.47666e-010
9967.09 1.98793 2.49115e-010
9912.92 1.98809 2.50566e-010
9859.33 1.98826 2.52018e-010
9806.33 1.98842 2.53472e-010
9753.89 1.98859 2.54927e-010
9702 1.98875 2.56384e-010
9650.67 1.98892 2.57842e-010
9599.88 1.98909 2.59302e-010
9549.61 1.98926 2.60764e-010
9499.88 1.98943 2.62227e-010
9450.65 1.9896 2.63691e-010
9401.94 1.98978 2.65158e-010
9353.72 1.98995 2.66626e-010
9306 1.99012 2.68095e-010
9258.76 1.9903 2.69566e-010
9212 1.99047 2.71039e-010
9165.71 1.99065 2.72514e-010
9119.88 1.99083 2.7399e-010
9074.51 1.99101 2.75468e-010
9029.58 1.99119 2.76947e-010
8985.1 1.99137 2.78428e-010
8941.06 1.99155 2.79911e-010
8897.44 1.99174 2.81396e-010
8854.25 1.99192 2.82882e-010
8811.48 1.99211 2.8437e-010
8769.11 1.99229 2.8586e-010
8727.16 1.99248 2.87352e-010
8685.6 1.99267 2.88845e-010
8644.43 1.99286 2.9034e-010
8603.66 1.99305 2.91837e-010
8563.27 1.99324 2.93335e-010
8523.25 1.99343 2.94836e-010
8483.61 1.99362 2.96338e-010
8444.33 1.99381 2.97842e-010
8405.42 1.99401 2.99348e-010
8366.86 1.99421 3.00856e-010
8328.66 1.9944 3.02366e-010
8290.8 1.9946 3.03877e-010
8253.28 1.9948 3.0539e-010
8216.11 1.995 3.06906e-010
8179.26 1.9952 3.08423e-010
8142.75 1.9954 3.09942e-010
8106.56 1.9956 3.11463e-010
8070.69 1.99581 3.12986e-010
8035.13 1.99601 3.14511e-010
7999.89 1.99622 3.16038e-010
7964.96 1.99642 3.17566e-010
7930.33 1.99663 3.19097e-010
7896 1.99684 3.2063e-010
7861.96 1.99705 3.22165e-010
7828.22 1.99726 3.23701e-010
7794.77 1.99747 3.2524e-010
7761.6 1.99769 3.26781e-010
7728.71 1.9979 3.28324e-010
7696.1 1.99811 3.29869e-010
7663.76 1.99833 3.31416e-010
7631.69 1.99855 3.32965e-010
7599.9 1.99876 3.34516e-010
7568.36 1.99898 3.36069e-010
7537.09 1.9992 3.37625e-010
7506.07 1.99942 3.39182e-010
7475.31 1.99964 3.40742e-010
7444.79 1.99987 3.42303e-010
7414.53 2.00009 3.43867e-010
7384.51 2.00032 3.45433e-010
7354.74 2.00054 3.47002e-010
7325.2 2.00077 3.48572e-010
7295.9 2.001 3.50145e-010
7266.83 2.00123 3.51719e-010
7237.99 2.00146 3.53297e-010
7209.39 2.00169 3.54876e-010
7181 2.00192 3.56457e-010
7152.84 2.00215 3.58041e-010
7124.9 2.00239 3.59627e-010
7097.18 2.00262 3.61216e-010
7069.67 2.00286 3.62806e-010
7042.37 2.00309 3.64399e-010
7015.29 2.00333 3.65995e-010
6988.41 2.00357 3.67592e-010
6961.73 2.00381 3.69192e-010
6935.26 2.00405 3.70794e-010
6908.99 2.0043 3.72399e-010
6882.92 2.00454 3.74006e-010
6857.05 2.00478 3.75616e-010
6831.36 2.00503 3.77228e-010
6805.87 2.00528 3.78842e-010
6780.57 2.00552 3.80459e-010
6755.46 2.00577 3.82078e-010
6730.53 2.00602 3.83699e-010
6705.79 2.00627 3.85323e-010
6681.22 2.00653 3.8695e-010
6656.84 2.00678 3.88579e-010
6632.63 2.00703 3.90211e-010
6608.6 2.00729 3.91845e-010
6584.74 2.00754 3.93481e-010
6561.06 2.0078 3.95121e-010
6537.54 2.00806 3.96762e-010
6514.19 2.00832 3.98407e-010
6491.01 2.00858 4.00053e-010
6467.99 2.00884 4.01703e-010
6445.14 2.0091 4.03355e-010
6422.44 2.00937 4.0501e-010
6399.91 2.00963 4.06667e-010
6377.53 2.0099 4.08327e-010
6355.31 2.01017 4.0999e-010
6333.24 2.01043 4.11655e-010
6311.33 2.0107 4.13323e-010
6289.56 2.01097 4.14994e-010
6267.95 2.01124 4.16667e-010
6246.49 2.01152 4.18343e-010
6225.17 2.01179 4.20022e-010
6203.99 2.01206 4.21704e-010
6182.96 2.01234 4.23388e-010
6162.07 2.01262 4.25075e-010
6141.33 2.01289 4.26765e-010
6120.72 2.01317 4.28458e-010
6100.25 2.01345 4.30154e-010
6079.91 2.01373 4.31852e-010
6059.71 2.01402 4.33553e-010
6039.65 2.0143 4.35258e-010
6019.71 2.01459 4.36965e-010
5999.91 2.01487 4.38675e-010
5980.24 2.01516 4.40388e-010
5960.7 2.01545 4.42103e-010
5941.28 2.01573 4.43822e-010
5921.99 2.01602 4.45544e-010
5902.83 2.01632 4.47268e-010
5883.79 2.01661 4.48996e-010
5864.87 2.0169 4.50727e-010
5846.07 2.0172 4.5246e-010
5827.39 2.01749 4.54197e-010
5808.83 2.01779 4.55937e-010
5790.39 2.01809 4.57679e-010
5772.07 2.01839 4.59425e-010
5753.86 2.01869 4.61174e-010
5735.77 2.01899 4.62926e-010
5717.78 2.01929 4.64681e-010
5699.92 2.01959 4.66439e-010
5682.16 2.0199 4.68201e-010
5664.51 2.02021 4.69965e-010
5646.98 2.02051 4.71733e-010
5629.55 2.02082 4.73504e-010
5612.23 2.02113 4.75278e-010
5595.01 2.02144 4.77055e-010
5577.9 2.02175 4.78836e-010
5560.89 2.02207 4.80619e-010
5543.99 2.02238 4.82407e-010
5527.19 2.0227 4.84197e-010
5510.49 2.02301 4.8599e-010
5493.89 2.02333 4.87787e-010
5477.4 2.02365 4.89588e-010
5461 2.02397 4.91391e-010
5444.7 2.02429 4.93198e-010
5428.49 2.02461 4.95009e-010
5412.38 2.02494 4.96822e-010
5396.37 2.02526 4.9864e-010
5380.45 2.02559 5.0046e-010
5364.63 2.02591 5.02284e-010
5348.89 2.02624 5.04112e-010
5333.25 2.02657 5.05943e-010
5317.71 2.0269 5.07777e-010
5302.25 2.02723 5.09615e-010
5286.88 2.02757 5.11456e-010
5271.6 2.0279 5.13301e-010
5256.41 2.02824 5.1515e-010
5241.3 2.02857 5.17002e-010
5226.28 2.02891 5.18858e-010
5211.35 2.02925 5.20717e-010
5196.5 2.02959 5.2258e-010
5181.74 2.02993 5.24447e-010
5167.06 2.03027 5.26317e-010
5152.47 2.03062 5.28191e-010
5137.95 2.03096 5.30068e-010
5123.52 2.03131 5.3195e-010
5109.17 2.03166 5.33835e-010
5094.9 2.03201 5.35724e-010
5080.7 2.03236 5.37616e-010
5066.59 2.03271 5.39513e-010
5052.56 2.03306 5.41413e-010
5038.6 2.03341 5.43317e-010
5024.72 2.03377 5.45224e-010
5010.91 2.03413 5.47136e-010
4997.19 2.03448 5.49052e-010
4983.53 2.03484 5.50971e-010
4969.95 2.0352 5.52894e-010
4956.45 2.03556 5.54822e-010
4943.02 2.03593 5.56753e-010
4929.66 2.03629 5.58688e-010
4916.37 2.03666 5.60627e-010
4903.15 2.03702 5.6257e-010
4890.01 2.03739 5.64517e-010
4876.93 2.03776 5.66468e-010
4863.93 2.03813 5.68424e-010
4850.99 2.0385 5.70383e-010
4838.12 2.03887 5.72346e-010
4825.32 2.03925 5.74314e-010
4812.59 2.03962 5.76285e-010
4799.93 2.04 5.78261e-010
4787.33 2.04038 5.80241e-010
4774.8 2.04076 5.82225e-010
4762.33 2.04114 5.84214e-010
4749.93 2.04152 5.86206e-010
4737.59 2.0419 5.88203e-010
4725.32 2.04229 5.90204e-010
4713.11 2.04267 5.9221e-010
4700.96 2.04306 5.94219e-010
4688.88 2.04345 5.96233e-010
4676.85 2.04384 5.98252e-010
4664.89 2.04423 6.00274e-010
4652.99 2.04462 6.02302e-010
4641.15 2.04501 6.04333e-010
4629.37 2.04541 6.06369e-010
4617.65 2.04581 6.0841e-010
4605.99 2.0462 6.10454e-010
4594.39 2.0466 6.12504e-010
4582.85 2.047 6.14558e-010
4571.36 2.0474 6.16616e-010
4559.93 2.04781 6.18679e-010
4548.56 2.04821 6.20747e-010
4537.24 2.04862 6.22819e-010
4525.99 2.04902 6.24896e-010
4514.78 2.04943 6.26977e-010
4503.64 2.04984 6.29063e-010
4492.54 2.05025 6.31154e-010
4481.5 2.05067 6.3325e-010
4470.52 2.05108 6.3535e-010
4459.59 2.05149 6.37455e-010
4448.71 2.05191 6.39565e-010
4437.89 2.05233 6.41679e-010
4427.12 2.05275 6.43798e-010
4416.4 2.05317 6.45923e-010
4405.73 2.05359 6.48052e-010
4395.11 2.05401 6.50186e-010
4384.55 2.05444 6.52325e-010
4374.03 2.05487 6.54468e-010
4363.57 2.05529 6.56617e-010
4353.16 2.05572 6.58771e-010
4342.79 2.05615 6.6093e-010
4332.48 2.05658 6.63093e-010
4322.21 2.05702 6.65262e-010
4311.99 2.05745 6.67436e-010
4301.82 2.05789 6.69615e-010
4291.7 2.05833 6.71799e-010
4281.62 2.05877 6.73988e-010
4271.6 2.05921 6.76183e-010
4261.62 2.05965 6.78382e-010
4251.68 2.06009 6.80587e-010
4241.8 2.06054 6.82797e-010
4231.95 2.06098 6.85012e-010
4222.16 2.06143 6.87233e-010
4212.41 2.06188 6.89459e-010
4202.7 2.06233 6.9169e-010
4193.04 2.06278 6.93927e-010
4183.42 2.06323 6.96169e-010
4173.85 2.06369 6.98416e-010
4164.32 2.06415 7.00669e-010
4154.83 2.0646 7.02927e-010
4145.39 2.06506 7.05191e-010
4135.99 2.06552 7.0746e-010
4126.63 2.06599 7.09735e-010
4117.32 2.06645 7.12016e-010
4108.05 2.06692 7.14302e-010
4098.81 2.06738 7.16593e-010
4089.62 2.06785 7.18891e-010
4080.47 2.06832 7.21194e-010
4071.37 2.06879 7.23502e-010
4062.3 2.06926 7.25817e-010
4053.27 2.06974 7.28137e-010
4044.28 2.07021 7.30463e-010
4035.34 2.07069 7.32794e-010
4026.43 2.07117 7.35132e-010
4017.56 2.07165 7.37475e-010
4008.73 2.07213 7.39825e-010
3999.94 2.07262 7.4218e-010
3991.19 2.0731 7.44541e-010
3982.47 2.07359 7.46908e-010
3973.79 2.07408 7.49282e-010
3965.16 2.07457 7.51661e-010
3956.56 2.07506 7.54046e-010
3947.99 2.07555 7.56437e-010
3939.46 2.07604 7.58835e-010
3930.97 2.07654 7.61238e-010
3922.52 2.07704 7.63648e-010
3914.1 2.07754 7.66064e-010
3905.72 2.07804 7.68486e-010
3897.38 2.07854 7.70915e-010
3889.07 2.07904 7.7335e-010
3880.79 2.07955 7.75791e-010
3872.55 2.08006 7.78238e-010
3864.35 2.08056 7.80692e-010
3856.18 2.08107 7.83152e-010
3848.04 2.08159 7.85619e-010
3839.94 2.0821 7.88092e-010
3831.87 2.08261 7.90572e-010
3823.84 2.08313 7.93058e-010
3815.84 2.08365 7.95551e-010
3807.87 2.08417 7.9805e-010
3799.94 2.08469 8.00556e-010
3792.04 2.08521 8.03069e-010
3784.17 2.08574 8.05588e-010
3776.34 2.08626 8.08114e-010
3768.54 2.08679 8.10647e-010
3760.77 2.08732 8.13187e-010
3753.03 2.08785 8.15733e-010
3745.32 2.08839 8.18286e-010
3737.65 2.08892 8.20847e-010
3730 2.08946 8.23414e-010
3722.39 2.09 8.25988e-010
3714.81 2.09054 8.28569e-010
3707.26 2.09108 8.31157e-010
3699.74 2.09162 8.33752e-010
3692.25 2.09216 8.36354e-010
3684.79 2.09271 8.38964e-010
3677.36 2.09326 8.4158e-010
3669.96 2.09381 8.44204e-010
3662.59 2.09436 8.46835e-010
3655.25 2.09491 8.49473e-010
3647.94 2.09547 8.52118e-010
3640.66 2.09603 8.54771e-010
3633.41 2.09658 8.57431e-010
3626.19 2.09715 8.60099e-010
3618.99 2.09771 8.62774e-010
3611.82 2.09827 8.65456e-010
3604.69 2.09884 8.68146e-010
3597.58 2.0994 8.70844e-010
3590.5 2.09997 8.73549e-010
3583.44 2.10054 8.76262e-010
3576.41 2.10112 8.78982e-010
3569.42 2.10169 8.8171e-010
3562.44 2.10227 8.84446e-010
3555.5 2.10284 8.8719e-010
3548.58 2.10342 8.89941e-010
3541.69 2.10401 8.927e-010
3534.83 2.10459 8.95468e-010
3527.99 2.10517 8.98243e-010
3521.18 2.10576 9.01026e-010
3514.4 2.10635 9.03817e-010
3507.64 2.10694 9.06616e-010
3500.91 2.10753 9.09423e-010
3494.2 2.10813 9.12238e-010
3487.52 2.10872 9.15061e-010
3480.86 2.10932 9.17893e-010
3474.23 2.10992 9.20733e-010
3467.63 2.11052 9.23581e-010
3461.05 2.11113 9.26437e-010
3454.49 2.11173 9.29302e-010
3447.96 2.11234 9.32175e-010
3441.46 2.11295 9.35057e-010
3434.97 2.11356 9.37947e-010
3428.52 2.11417 9.40846e-010
3422.09 2.11479 9.43753e-010
3415.68 2.1154 9.46669e-010
3409.29 2.11602 9.49593e-010
3402.93 2.11664 9.52526e-010
3396.59 2.11726 9.55468e-010
3390.28 2.11789 9.58419e-010
3383.99 2.11852 9.61379e-010
3377.72 2.11914 9.64347e-010
3371.48 2.11977 9.67324e-010
3365.26 2.12041 9.70311e-010
3359.06 2.12104 9.73306e-010
3352.89 2.12168 9.7631e-010
3346.74 2.12231 9.79323e-010
3340.61 2.12295 9.82346e-010
3334.5 2.1236 9.85378e-010
3328.41 2.12424 9.88419e-010
3322.35 2.12489 9.91469e-010
3316.31 2.12553 9.94528e-010
3310.29 2.12618 9.97597e-010
3304.3 2.12683 1.00068e-009
3298.32 2.12749 1.00376e-009
3292.37 2.12814 1.00686e-009
3286.43 2.1288 1.00997e-009
3280.52 2.12946 1.01308e-009
3274.63 2.13012 1.01621e-009
3268.77 2.13079 1.01935e-009
3262.92 2.13145 1.02249e-009
3257.09 2.13212 1.02565e-009
3251.29 2.13279 1.02881e-009
3245.5 2.13346 1.03199e-009
3239.74 2.13414 1.03517e-009
3233.99 2.13482 1.03837e-009
3228.27 2.13549 1.04157e-009
3222.56 2.13617 1.04479e-009
3216.88 2.13686 1.04801e-009
3211.22 2.13754 1.05125e-009
3205.57 2.13823 1.0545e-009
3199.95 2.13892 1.05775e-009
3194.35 2.13961 1.06102e-009
3188.76 2.1403 1.06429e-009
3183.2 2.141 1.06758e-009
3177.65 2.1417 1.07088e-009
3172.12 2.1424 1.07419e-009
3166.62 2.1431 1.07751e-009
3161.13 2.1438 1.08084e-009
3155.66 2.14451 1.08418e-009
3150.21 2.14522 1.08753e-009
3144.78 2.14593 1.09089e-009
3139.37 2.14664 1.09427e-009
3133.97 2.14735 1.09765e-009
3128.6 2.14807 1.10104e-009
3123.24 2.14879 1.10445e-009
3117.9 2.14951 1.10787e-009
3112.58 2.15024 1.1113e-009
3107.28 2.15096 1.11474e-009
3101.99 2.15169 1.11819e-009
3096.73 2.15242 1.12165e-009
3091.48 2.15316 1.12512e-009
3086.25 2.15389 1.12861e-009
3081.03 2.15463 1.13211e-009
3075.84 2.15537 1.13562e-009
3070.66 2.15611 1.13914e-009
3065.5 2.15685 1.14267e-009
3060.35 2.1576 1.14621e-009
3055.23 2.15835 1.14977e-009
3050.12 2.1591 1.15334e-009
3045.03 2.15985 1.15691e-009
3039.95 2.16061 1.16051e-009
3034.89 2.16137 1.16411e-009
3029.85 2.16213 1.16773e-009
3024.83 2.16289 1.17135e-009
3019.82 2.16366 1.17499e-009
3014.83 2.16443 1.17865e-009
3009.85 2.1652 1.18231e-009
3004.89 2.16597 1.18599e-009
2999.95 2.16674 1.18968e-009
2995.03 2.16752 1.19338e-009
2990.12 2.1683 1.1971e-009
2985.22 2.16908 1.20083e-009
2980.34 2.16987 1.20457e-009
2975.48 2.17065 1.20832e-009
2970.64 2.17144 1.21209e-009
2965.81 2.17224 1.21587e-009
2960.99 2.17303 1.21966e-009
2956.19 2.17383 1.22347e-009
2951.41 2.17463 1.22729e-009
2946.64 2.17543 1.23112e-009
2941.89 2.17623 1.23497e-009
2937.15 2.17704 1.23883e-009
2932.43 2.17785 1.2427e-009
2927.72 2.17866 1.24659e-009
2923.03 2.17948 1.25049e-009
2918.35 2.18029 1.2544e-009
2913.69 2.18111 1.25833e-009
2909.04 2.18194 1.26227e-009
2904.41 2.18276 1.26623e-009
2899.79 2.18359 1.2702e-009
2895.19 2.18442 1.27419e-009
2890.6 2.18525 1.27818e-009
2886.03 2.18609 1.2822e-009
2881.47 2.18692 1.28622e-009
2876.93 2.18776 1.29027e-009
2872.4 2.18861 1.29432e-009
2867.88 2.18945 1.29839e-009
2863.38 2.1903 1.30248e-009
2858.89 2.19115 1.30658e-009
2854.41 2.19201 1.31069e-009
2849.95 2.19286 1.31482e-009
2845.51 2.19372 1.31897e-009
2841.08 2.19458 1.32313e-009
2836.66 2.19545 1.32731e-009
2832.25 2.19632 1.3315e-009
2827.86 2.19719 1.3357e-009
2823.48 2.19806 1.33992e-009
2819.12 2.19893 1.34416e-009
2814.77 2.19981 1.34841e-009
2810.43 2.20069 1.35268e-009
2806.11 2.20158 1.35697e-009
2801.8 2.20246 1.36127e-009
