1.0048, 1.676e-3
1.0116, 4.7622e-3
1.0182, 0.0118
1.0247, 0.0244
1.0311, 0.0421
1.0374, 0.0726
1.0437, 0.1117
1.05, 0.1841
1.0562, 0.2898
1.0624, 0.4167
1.0686, 0.5725
1.0747, 0.7516
1.0806, 0.8045
1.0868, 1.1053
1.0929, 1.4845
1.099, 1.9491
1.1051, 2.3906
1.1111, 3.0683
1.1172, 3.7633
1.1232, 4.5121
1.1293, 5.6612
1.1353, 6.6352
1.1413, 7.1016
1.1473, 8.7101
1.1534, 10.6829
1.1594, 12.2398
1.1654, 14.0236
1.1714, 16.8138
1.1774, 19.7066
1.1834, 21.5762
1.1893, 23.6231
1.1953, 26.4583
1.2013, 31.0104
1.2073, 34.7321
1.2133, 38.9005
1.2192, 43.5691
1.2252, 48.798
1.2312, 57.1937
1.2372, 61.2138
1.2431, 65.5166
1.249, 71.7322
1.255, 78.5373
1.261, 87.963
1.267, 96.3081
1.2729, 103.0777
1.2789, 112.8567
1.2848, 123.5634
1.2908, 132.2487
1.2967, 148.1205
1.3027, 158.532
1.3086, 169.6752
1.3146, 181.6018
1.3205, 194.3666
1.3264, 208.0287
1.3324, 222.6511
1.3383, 238.3014
1.3442, 249.3256
1.3502, 266.8509
1.3561, 285.608
1.362, 298.8208
1.3679, 319.825
1.3739, 334.6209
1.3798, 342.2414
1.3858, 374.7099
1.3917, 392.0448
1.3976, 400.9731
1.4035, 419.523
1.4095, 459.3233
1.4154, 469.7837
1.4213, 480.4823
1.4272, 502.7105
1.4331, 514.159
1.439, 537.9452
1.4449, 575.7574
1.4509, 602.3934
1.4567, 616.112
1.4626, 615.9963
1.4686, 644.4937
1.4745, 659.1711
1.4804, 689.6658
1.4863, 705.3719
1.4922, 721.4358
1.4981, 737.8654
1.504, 772.0007
1.5099, 789.5819
1.5158, 826.1098
1.5217, 844.9232
1.5276, 884.0113
1.5335, 904.1434
1.5394, 924.7339
1.5453, 945.7934
1.5513, 967.3325
1.5572, 1012.0834
1.5631, 1035.1322
1.569, 1058.7058
1.5749, 1082.8163
1.5808, 1107.4759
1.5867, 1132.697
1.5926, 1185.0981
1.5985, 1212.087
1.6044, 1239.6905
1.6103, 1239.4577
1.6162, 1267.6846
1.6221, 1296.5543
1.628, 1326.0814
1.6339, 1356.281
1.6398, 1387.1684
1.6457, 1451.3418
1.6516, 1451.0693
1.6575, 1484.1153
1.6634, 1552.7738
1.6693, 1588.136
1.6752, 1587.8377
1.6811, 1661.2946
1.687, 1660.9826
1.6928, 1698.8091
1.6987, 1737.4969
1.7046, 1777.066
1.7106, 1817.5361
1.7165, 1858.9279
1.7224, 1901.2623
1.7283, 1944.5608
1.7342, 1988.8453
1.7401, 2034.1384
1.746, 2080.463
1.7519, 2127.8425
1.7578, 2176.301
1.7637, 2175.8923
1.7696, 2225.4451
1.7755, 2276.1264
1.7814, 2327.9619
1.7873, 2380.9779
1.7932, 2435.2012
1.7991, 2434.7438
1.805, 2490.1916
1.8109, 2546.9021
1.8168, 2604.9041
1.8227, 2664.2271
1.8286, 2663.7267
1.8345, 2724.3892
1.8404, 2786.4333
1.8463, 2849.8902
1.8521, 2849.355
1.858, 2914.245
1.8639, 2980.6127
1.8698, 2980.0529
1.8758, 3047.9193
1.8817, 3117.3312
1.8876, 3188.3239
1.8935, 3260.9334
1.8993, 3260.321
1.9052, 3259.7086
1.9111, 3333.9438
1.917, 3409.8696
1.9229, 3409.2292
1.9287, 3486.8694
1.9346, 3566.2779
1.9405, 3565.608
1.9465, 3646.8096
1.9524, 3646.1248
1.9583, 3729.16
1.9642, 3814.0862
1.9701, 3813.3699
1.976, 3900.2139
1.9818, 3899.4814
1.9877, 3988.2864
1.9936, 4079.1139
1.9995, 4172.0098
2.0054, 4171.2263
2.0113, 4170.4429
2.0172, 4363.3769
2.0231, 4362.5574
2.029, 4461.9083
2.0349, 4563.5219
2.0408, 4562.6648
2.0467, 4561.8079
2.0526, 4560.9512
2.0585, 4664.8203
2.0643, 4663.9442
2.0702, 4770.1588
2.0761, 4769.2629
2.082, 4877.876
2.0879, 4988.9625
2.0937, 4988.0256
2.0997, 5101.6206
2.1056, 5217.8027
2.1115, 5216.8227
2.1174, 5215.843
2.1233, 5334.6261
2.1292, 5456.1146
2.1351, 5455.0899
2.141, 5579.3216
2.1468, 5578.2739
2.1527, 5705.311
2.1586, 5835.2412
2.1645, 5834.1453
2.1703, 5967.0096
2.1763, 5965.8889
2.1822, 5964.7685
2.1881, 5963.6482
2.194, 6099.4617
2.1999, 6238.3681
2.2058, 6237.1965
2.2117, 6379.2396
2.2175, 6378.0416
2.2234, 6523.2923
2.2293, 6671.8508
2.2352, 6823.7926
2.2411, 6822.511
2.2469, 6821.2297
2.2529, 6976.5733
2.2588, 7135.4546
2.2647, 7134.1146
2.2706, 7296.5838
2.2765, 7295.2134
2.2824, 7461.3513
2.2883, 7631.2728
2.2942, 7629.8396
2.3001, 7803.5981
2.306, 7802.1326
2.3119, 7979.8149
2.3178, 8161.5436
2.3235, 8160.0108
2.3295, 8345.8433
2.3354, 8344.2759
2.3413, 8534.3047
2.3472, 8728.6612
2.3531, 8727.0218
2.359, 8925.7671
2.3649, 9129.0386
2.3708, 9336.9392
2.3767, 9335.1857
2.3826, 9547.7811
2.3885, 9545.9879
2.3944, 9987.6067
2.4003, 9985.7309
2.4062, 10213.1415
2.4121, 10211.2234
2.418, 10443.7692
2.4238, 10441.8079
2.4297, 10679.6049
2.4356, 10922.8175
2.4415, 11171.5689
2.4474, 11169.4708
2.4533, 11167.3731
2.4592, 11421.6938
2.4651, 11681.8064
2.471, 11679.6125
2.4769, 11945.5987
2.4828, 12217.6425
2.4887, 12495.8816
2.4946, 12493.5348
2.5005, 12778.057
2.5064, 12775.6572
2.5123, 13066.6042
2.5181, 13064.1503
2.524, 13361.6674
2.5299, 13665.9601
2.5358, 13663.3935
2.5417, 13974.5575
2.5476, 14292.8079
2.5535, 14290.1236
2.5594, 14615.5605
2.5653, 14948.4088
2.5712, 15288.8372
2.5771, 15637.0183
2.583, 15634.0816
2.5889, 15990.1252
2.5918, 16355.8131
