2752.78		1.49592	0
2803.47  	1.49404 0
2893.60		1.49099	0
2967.28		1.48873	0
3021.50		1.48719	0
3302.59		1.48053 0
3341.48		1.47976 0
3403.65		1.47858 0
3466.20		1.47746	0
3610.51		1.47512	0
3650.15		1.47453	0
4046.56		1.46961	0
4358.35		1.46669	0
4678.16		1.46429	0
4861.33		1.46313 0
5085.82		1.46187	0
5460.74		1.46008	0
5769.59		1.45885 0
5790.65		1.45877 0
5875.61		1.45847 0
5892.62		1.45841	0
6438.47		1.45671 0
6562.72		1.45637 0
6678.15		1.45608 0
7065.19		1.45515 0
8521.11		1.45248 0
8943.50		1.45185 0		
10139.8		1.45025 0
10829.7		1.44941 0
11286.6		1.44888 0


