40010 1.38898 7.83418e-005
39482.8 1.39098 6.87905e-005
38969.2 1.39297 5.92668e-005
38468.9 1.39496 4.97705e-005
37981.2 1.39646 3.2928e-005
37505.8 1.39795 1.59866e-005
37042.1 1.39944 0
36589.7 1.40085 0
36148.3 1.40226 0
35717.3 1.40367 0
35296.5 1.40499 0
34885.6 1.40621 0
34484.1 1.4074 0
34091.7 1.40854 0
33708.1 1.4096 0
33333.1 1.41066 0
32966.4 1.41171 0
32607.6 1.41269 0
32256.5 1.41345 0
31912.9 1.41403 0
31576.6 1.41462 0
31247.3 1.4152 0
30924.8 1.41579 0
30608.8 1.41637 0
30299.3 1.41696 0
29996 1.41754 0
29698.6 1.41813 0
29407.1 1.41871 0
29121.3 1.4193 0
28841 1.41988 0
28566 1.42046 0
28296.2 1.42105 0
28031.5 1.42163 0
27771.7 1.42221 0
27516.6 1.4228 0
27266.2 1.42338 0
27020.3 1.42396 0
26778.8 1.42454 0
26541.6 1.42512 0
26308.5 1.42571 0
26079.5 1.42629 0
25854.5 1.42687 0
25633.3 1.42745 0
25415.8 1.42803 0
25202 1.42861 0
24991.8 1.42919 0
24785.1 1.42977 0
24581.7 1.43035 0
24381.7 1.43093 0
24184.9 1.43127 0
23991.2 1.4316 0
23800.6 1.43194 0
23613.1 1.43227 0
23428.4 1.4326 0
23246.6 1.43293 0
23067.7 1.43321 0
22891.4 1.43348 0
22717.9 1.43376 0
22546.9 1.43403 0
22378.5 1.4343 0
22212.6 1.43458 0
22049.1 1.43485 0
21888 1.43513 0
21729.3 1.4354 0
21572.8 1.43568 0
21418.6 1.43592 0
21266.6 1.43615 0
21116.7 1.43638 0
20968.9 1.4366 0
20823.2 1.43683 0
20679.5 1.43706 0
20537.7 1.43728 0
20397.9 1.43748 0
20260 1.43768 0
20123.9 1.43788 0
19989.6 1.43807 0
19857.1 1.43827 0
19726.4 1.43847 0
19597.4 1.43864 0
19470 1.43881 0
19344.3 1.43897 0
19220.2 1.43914 0
19097.7 1.43931 0
18976.7 1.43947 0
18857.3 1.43964 0
18739.4 1.4398 0
18622.9 1.43997 0
18507.8 1.44013 0
18394.2 1.4403 0
18282 1.44046 0
18171.1 1.44063 0
18061.6 1.44078 0
17953.3 1.44091 0
17846.4 1.44105 0
17740.7 1.44118 0
17636.3 1.44132 0
17533.1 1.44145 0
17431.1 1.44159 0
17330.3 1.44172 0
17230.6 1.44186 0
17132.1 1.44199 0
17034.7 1.44212 0
16938.4 1.44225 0
16843.1 1.44237 0
16749 1.44249 0
16655.9 1.44261 0
16563.8 1.44272 0
16472.7 1.44282 0
16382.7 1.44292 0
16293.6 1.44303 0
16205.4 1.44313 0
16118.3 1.44324 0
16032 1.44334 0
15946.7 1.44344 0
15862.3 1.44355 0
15778.7 1.44365 0
15696.1 1.44375 0
15614.3 1.44386 0
15533.3 1.44396 0
15453.2 1.44406 0
15373.9 1.44417 0
15295.4 1.44427 0
15217.7 1.44436 0
15140.8 1.44444 0
15064.7 1.44453 0
14989.3 1.44462 0
14914.7 1.44471 0
14840.8 1.44479 0
14767.7 1.44488 0
14695.3 1.44497 0
14623.5 1.44505 0
14552.5 1.44513 0
14482.2 1.44521 0
14412.5 1.44529 0
14343.5 1.44537 0
14275.2 1.44545 0
14207.5 1.44553 0
14140.4 1.44561 0
14074 1.44569 0
14008.2 1.44577 0
13943 1.44585 0
13878.4 1.44592 0
13814.4 1.44599 0
13751 1.44606 0
13688.2 1.44613 0
13625.9 1.44621 0
13564.3 1.44626 0
13503.1 1.44632 0
13442.5 1.44638 0
13382.5 1.44644 0
13323 1.4465 0
13264 1.44656 0
13205.6 1.44662 0
13147.6 1.44668 0
13090.2 1.44673 0
13033.2 1.44679 0
12976.8 1.44685 0
12920.8 1.44691 0
12865.3 1.44697 0
12810.3 1.44703 0
12755.8 1.44709 0
12701.7 1.44715 0
12648.1 1.4472 0
12594.9 1.44726 0
12542.2 1.44732 0
12489.9 1.44738 0
12438.1 1.44744 0
12386.6 1.4475 0
12335.6 1.44756 0
12285.1 1.44761 0
12234.9 1.44767 0
12185.1 1.44773 0
12135.8 1.44779 0
12086.8 1.44785 0
12038.3 1.44791 0
11990.1 1.44797 0
11942.3 1.44803 0
11894.9 1.44808 0
11847.8 1.44814 0
11801.2 1.4482 0
11754.9 1.44826 0
11708.9 1.44832 0
11663.4 1.44838 0
11618.1 1.44844 0
11573.3 1.44849 0
11528.7 1.44855 0
11484.5 1.44861 0
11440.7 1.44867 0
11397.2 1.44873 0
11354 1.44879 0
11311.1 1.44885 0
11268.6 1.4489 0
11226.3 1.44895 0
11184.4 1.44899 0
11142.8 1.44904 0
11101.5 1.44909 0
11060.6 1.44914 0
11019.9 1.44918 0
10979.5 1.44923 0
10939.4 1.44928 0
10899.6 1.44933 0
10860.1 1.44937 0
10820.9 1.44942 0
10781.9 1.44946 0
10743.3 1.44951 0
10704.9 1.44955 0
10666.8 1.4496 0
10628.9 1.44964 0
10591.4 1.44969 0
10554.1 1.44973 0
10517 1.44978 0
10480.2 1.44982 0
10443.7 1.44987 0
10407.4 1.44991 0
10371.4 1.44996 0
10335.6 1.45 0
10300.1 1.45004 0
10264.8 1.45009 0
10229.8 1.45013 0
10194.9 1.45018 0
10160.4 1.45022 0
10126 1.45027 0
10091.9 1.45031 0
10058 1.45035 0
10024.4 1.45039 0
9990.97 1.45043 0
9957.76 1.45047 0
9924.78 1.45051 0
9892.01 1.45055 0
9859.46 1.45059 0
9827.12 1.45063 0
9794.99 1.45067 0
9763.07 1.45071 0
9731.36 1.45075 0
9699.86 1.45079 0
9668.56 1.45083 0
9637.46 1.45087 0
9606.56 1.45091 0
9575.85 1.45095 0
9545.35 1.451 0
9515.03 1.45104 0
9484.91 1.45108 0
9454.98 1.45112 0
9425.24 1.45116 0
9395.68 1.4512 0
9366.31 1.45124 0
9337.12 1.45128 0
9308.11 1.45132 0
9279.28 1.45136 0
9250.63 1.4514 0
9222.16 1.45144 0
9193.86 1.45148 0
9165.73 1.45152 0
9137.78 1.45156 0
9110 1.4516 0
9082.38 1.45164 0
9054.93 1.45168 0
9027.65 1.45172 0
9000.53 1.45176 0
8973.57 1.4518 0
8946.78 1.45185 0
8920.14 1.45188 0
8893.66 1.45192 0
8867.34 1.45196 0
8841.17 1.452 0
8815.16 1.45204 0
8789.3 1.45207 0
8763.59 1.45211 0
8738.03 1.45215 0
8712.62 1.45219 0
8687.36 1.45222 0
8662.25 1.45226 0
8637.27 1.4523 0
8612.45 1.45234 0
8587.76 1.45238 0
8563.22 1.45241 0
8538.81 1.45245 0
8514.54 1.45249 0
8490.42 1.45253 0
8466.42 1.45256 0
8442.57 1.4526 0
8418.84 1.45264 0
8395.26 1.45267 0
8371.8 1.45271 0
8348.47 1.45275 0
8325.27 1.45279 0
8302.2 1.45282 0
8279.26 1.45286 0
8256.45 1.4529 0
8233.76 1.45293 0
8211.19 1.45297 0
8188.75 1.45301 0
8166.43 1.45304 0
8144.23 1.45308 0
8122.15 1.45312 0
8100.19 1.45315 0
8078.35 1.45319 0
8056.63 1.45323 0
8035.03 1.45326 0
8013.53 1.4533 0
7992.16 1.45334 0
7970.9 1.45337 0
7949.75 1.45341 0
7928.71 1.45345 0
7907.78 1.45349 0
7886.97 1.45352 0
7866.26 1.45356 0
7845.66 1.4536 0
7825.17 1.45363 0
7804.79 1.45367 0
7784.51 1.45371 0
7764.34 1.45374 0
7744.27 1.45378 0
7724.3 1.45382 0
7704.44 1.45385 0
7684.68 1.45389 0
7665.02 1.45393 0
7645.46 1.45396 0
7626 1.454 0
7606.64 1.45404 0
7587.37 1.45408 0
7568.21 1.45411 0
7549.14 1.45415 0
7530.17 1.45419 0
7511.29 1.45422 0
7492.51 1.45426 0
7473.82 1.4543 0
7455.22 1.45433 0
7436.71 1.45437 0
7418.3 1.45441 0
7399.98 1.45444 0
7381.75 1.45448 0
7363.6 1.45452 0
7345.55 1.45455 0
7327.59 1.45459 0
7309.71 1.45463 0
7291.92 1.45466 0
7274.22 1.4547 0
7256.6 1.45474 0
7239.06 1.45477 0
7221.62 1.45481 0
7204.25 1.45485 0
7186.97 1.45489 0
7169.77 1.45492 0
7152.66 1.45496 0
7135.62 1.455 0
7118.67 1.45503 0
7101.79 1.45507 0
7085 1.45511 0
7068.29 1.45514 0
7051.65 1.45518 0
7035.09 1.45522 0
7018.61 1.45526 0
7002.21 1.45529 0
6985.88 1.45533 0
6969.63 1.45537 0
6953.46 1.45541 0
6937.36 1.45545 0
6921.33 1.45548 0
6905.38 1.45552 0
6889.5 1.45556 0
6873.69 1.4556 0
6857.96 1.45563 0
6842.3 1.45567 0
6826.71 1.45571 0
6811.19 1.45575 0
6795.74 1.45579 0
6780.36 1.45582 0
6765.05 1.45586 0
6749.81 1.4559 0
6734.64 1.45594 0
6719.54 1.45598 0
6704.5 1.45601 0
6689.53 1.45605 0
6674.63 1.45609 0
6659.79 1.45613 0
6645.02 1.45616 0
6630.32 1.4562 0
6615.68 1.45624 0
6601.1 1.45627 0
6586.59 1.45631 0
6572.14 1.45635 0
6557.76 1.45638 0
6543.43 1.45642 0
6529.17 1.45646 0
6514.98 1.4565 0
6500.84 1.45654 0
6486.77 1.45658 0
6472.75 1.45661 0
6458.8 1.45665 0
6444.91 1.45669 0
6431.07 1.45673 0
6417.3 1.45677 0
6403.58 1.45681 0
6389.93 1.45685 0
6376.33 1.45689 0
6362.79 1.45693 0
6349.3 1.45697 0
6335.87 1.45701 0
6322.5 1.45705 0
6309.19 1.45709 0
6295.93 1.45713 0
6282.73 1.45717 0
6269.58 1.4572 0
6256.49 1.45724 0
6243.45 1.45728 0
6230.47 1.45732 0
6217.54 1.45736 0
6204.67 1.4574 0
6191.84 1.45744 0
6179.07 1.45748 0
6166.36 1.45752 0
6153.69 1.45756 0
6141.08 1.4576 0
6128.52 1.45764 0
6116.01 1.45768 0
6103.55 1.45772 0
6091.14 1.45776 0
6078.78 1.4578 0
6066.47 1.45784 0
6054.21 1.45787 0
6042.01 1.45791 0
6029.85 1.45795 0
6017.74 1.45799 0
6005.67 1.45803 0
5993.66 1.45807 0
5981.69 1.45811 0
5969.77 1.45815 0
5957.9 1.45819 0
5946.08 1.45823 0
5934.3 1.45827 0
5922.57 1.45831 0
5910.89 1.45835 0
5899.25 1.45839 0
5887.66 1.45843 0
5876.11 1.45847 0
5864.61 1.45851 0
5853.15 1.45855 0
5841.74 1.45859 0
5830.37 1.45863 0
5819.05 1.45867 0
5807.77 1.45871 0
5796.53 1.45875 0
5785.34 1.45879 0
5774.19 1.45883 0
5763.08 1.45887 0
5752.02 1.45892 0
5741 1.45896 0
5730.02 1.459 0
5719.08 1.45904 0
5708.18 1.45908 0
5697.33 1.45913 0
5686.52 1.45917 0
5675.74 1.45921 0
5665.01 1.45925 0
5654.32 1.45929 0
5643.67 1.45934 0
5633.06 1.45938 0
5622.49 1.45942 0
5611.96 1.45946 0
5601.47 1.4595 0
5591.01 1.45954 0
5580.6 1.45959 0
5570.22 1.45963 0
5559.89 1.45967 0
5549.59 1.45971 0
5539.33 1.45975 0
5529.11 1.4598 0
5518.92 1.45984 0
5508.77 1.45988 0
5498.66 1.45992 0
5488.59 1.45996 0
5478.56 1.46001 0
5468.56 1.46005 0
5458.59 1.46009 0
5448.67 1.46013 0
5438.78 1.46018 0
5428.92 1.46022 0
5419.1 1.46027 0
5409.32 1.46031 0
5399.57 1.46036 0
5389.86 1.4604 0
5380.18 1.46044 0
5370.53 1.46049 0
5360.92 1.46053 0
5351.35 1.46058 0
5341.81 1.46062 0
5332.3 1.46067 0
5322.83 1.46071 0
5313.39 1.46075 0
5303.98 1.4608 0
5294.61 1.46084 0
5285.27 1.46089 0
5275.96 1.46093 0
5266.69 1.46097 0
5257.45 1.46102 0
5248.24 1.46106 0
5239.06 1.46111 0
5229.91 1.46115 0
5220.8 1.4612 0
5211.72 1.46124 0
5202.67 1.46128 0
5193.65 1.46133 0
5184.66 1.46137 0
5175.71 1.46142 0
5166.78 1.46146 0
5157.89 1.46151 0
5149.02 1.46155 0
5140.19 1.46159 0
5131.39 1.46164 0
5122.61 1.46168 0
5113.87 1.46173 0
5105.16 1.46177 0
5096.47 1.46182 0
5087.82 1.46186 0
5079.19 1.46191 0
5070.6 1.46195 0
5062.03 1.462 0
5053.49 1.46204 0
5044.98 1.46209 0
5036.5 1.46214 0
5028.05 1.46218 0
5019.63 1.46223 0
5011.23 1.46228 0
5002.86 1.46232 0
4994.52 1.46237 0
4986.21 1.46242 0
4977.93 1.46246 0
4969.67 1.46251 0
4961.44 1.46255 0
4953.24 1.4626 0
4945.06 1.46265 0
4936.92 1.46269 0
4928.79 1.46274 0
4920.7 1.46279 0
4912.63 1.46283 0
4904.59 1.46288 0
4896.57 1.46292 0
4888.58 1.46297 0
4880.62 1.46302 0
4872.68 1.46306 0
4864.77 1.46311 0
4856.89 1.46316 0
4849.02 1.46321 0
4841.19 1.46325 0
4833.38 1.4633 0
4825.6 1.46335 0
4817.84 1.4634 0
4810.1 1.46345 0
4802.39 1.46349 0
4794.71 1.46354 0
4787.05 1.46359 0
4779.41 1.46364 0
4771.8 1.46369 0
4764.21 1.46373 0
4756.65 1.46378 0
4749.11 1.46383 0
4741.59 1.46388 0
4734.1 1.46393 0
4726.63 1.46397 0
4719.18 1.46402 0
4711.76 1.46407 0
4704.37 1.46412 0
4696.99 1.46417 0
4689.64 1.46421 0
4682.31 1.46426 0
4675 1.46431 0
4667.72 1.46436 0
4660.46 1.46441 0
4653.22 1.46447 0
4646.01 1.46452 0
4638.81 1.46457 0
4631.64 1.46462 0
4624.49 1.46467 0
4617.37 1.46472 0
4610.26 1.46477 0
4603.18 1.46482 0
4596.12 1.46487 0
4589.08 1.46493 0
4582.06 1.46498 0
4575.06 1.46503 0
4568.09 1.46508 0
4561.13 1.46513 0
4554.2 1.46518 0
4547.29 1.46523 0
4540.4 1.46528 0
4533.53 1.46533 0
4526.68 1.46539 0
4519.85 1.46544 0
4513.04 1.46549 0
4506.25 1.46554 0
4499.49 1.46559 0
4492.74 1.46564 0
4486.01 1.46569 0
4479.3 1.46574 0
4472.62 1.46579 0
4465.95 1.46584 0
4459.3 1.4659 0
4452.68 1.46595 0
4446.07 1.466 0
4439.48 1.46605 0
4432.91 1.4661 0
4426.36 1.46615 0
4419.83 1.4662 0
4413.32 1.46625 0
4406.83 1.4663 0
4400.36 1.46636 0
4393.91 1.46641 0
4387.47 1.46646 0
4381.06 1.46651 0
4374.66 1.46656 0
4368.28 1.46661 0
4361.92 1.46666 0
4355.58 1.46671 0
4349.26 1.46677 0
4342.96 1.46682 0
4336.67 1.46688 0
4330.4 1.46693 0
4324.15 1.46699 0
4317.92 1.46705 0
4311.71 1.4671 0
4305.51 1.46716 0
4299.33 1.46721 0
4293.17 1.46727 0
4287.03 1.46732 0
4280.9 1.46738 0
4274.79 1.46743 0
4268.7 1.46749 0
4262.63 1.46754 0
4256.58 1.4676 0
4250.54 1.46765 0
4244.52 1.46771 0
4238.51 1.46776 0
4232.52 1.46782 0
4226.55 1.46787 0
4220.6 1.46793 0
4214.66 1.46798 0
4208.74 1.46804 0
4202.84 1.46809 0
4196.95 1.46815 0
4191.08 1.4682 0
4185.22 1.46826 0
4179.39 1.46831 0
4173.56 1.46837 0
4167.76 1.46842 0
4161.97 1.46848 0
4156.2 1.46853 0
4150.44 1.46859 0
4144.7 1.46864 0
4138.97 1.4687 0
4133.26 1.46875 0
4127.57 1.46881 0
4121.89 1.46886 0
4116.23 1.46892 0
4110.58 1.46897 0
4104.95 1.46903 0
4099.33 1.46908 0
4093.73 1.46914 0
4088.14 1.4692 0
4082.57 1.46925 0
4077.02 1.46931 0
4071.48 1.46936 0
4065.95 1.46942 0
4060.44 1.46947 0
4054.95 1.46953 0
4049.47 1.46958 0
4044 1.46964 0
4038.55 1.4697 0
4033.11 1.46976 0
4027.69 1.46982 0
4022.28 1.46988 0
4016.89 1.46995 0
4011.51 1.47001 0
4006.15 1.47007 0
4000.8 1.47013 0
3995.47 1.47019 0
3990.14 1.47025 0
3984.84 1.47031 0
3979.54 1.47037 0
3974.27 1.47044 0
3969 1.4705 0
3963.75 1.47056 0
3958.51 1.47062 0
3953.29 1.47068 0
3948.08 1.47074 0
3942.89 1.4708 0
3937.7 1.47086 0
3932.54 1.47093 0
3927.38 1.47099 0
3922.24 1.47105 0
3917.11 1.47111 0
3912 1.47117 0
3906.9 1.47123 0
3901.81 1.47129 0
3896.73 1.47135 0
3891.67 1.47141 0
3886.62 1.47148 0
3881.59 1.47154 0
3876.57 1.4716 0
3871.56 1.47166 0
3866.56 1.47172 0
3861.58 1.47178 0
3856.61 1.47184 0
3851.65 1.4719 0
3846.7 1.47197 0
3841.77 1.47203 0
3836.85 1.47209 0
3831.94 1.47215 0
3827.05 1.47221 0
3822.17 1.47227 0
3817.3 1.47233 0
3812.44 1.47239 0
3807.6 1.47246 0
3802.76 1.47252 0
3797.94 1.47258 0
3793.13 1.47264 0
3788.34 1.4727 0
3783.55 1.47276 0
3778.78 1.47282 0
3774.02 1.47288 0
3769.27 1.47294 0
3764.54 1.47301 0
3759.81 1.47307 0
3755.1 1.47313 0
3750.4 1.47319 0
3745.71 1.47325 0
3741.04 1.47331 0
3736.37 1.47337 0
3731.72 1.47343 0
3727.07 1.47349 0
3722.44 1.47356 0
3717.82 1.47362 0
3713.22 1.47368 0
3708.62 1.47374 0
3704.04 1.4738 0
3699.46 1.47386 0
3694.9 1.47392 0
3690.35 1.47398 0
3685.81 1.47404 0
3681.28 1.47411 0
3676.76 1.47417 0
3672.26 1.47423 0
3667.76 1.47429 0
3663.28 1.47435 0
3658.8 1.47441 0
3654.34 1.47447 0
3649.89 1.47453 0
3645.45 1.4746 0
3641.02 1.47466 0
3636.6 1.47473 0
3632.19 1.4748 0
3627.79 1.47486 0
3623.41 1.47493 0
3619.03 1.47499 0
3614.66 1.47506 0
3610.31 1.47512 0
3605.96 1.47519 0
3601.63 1.47526 0
3597.3 1.47533 0
3592.99 1.47539 0
3588.69 1.47546 0
3584.39 1.47553 0
3580.11 1.4756 0
3575.84 1.47567 0
3571.57 1.47573 0
3567.32 1.4758 0
3563.08 1.47587 0
3558.85 1.47594 0
3554.62 1.476 0
3550.41 1.47607 0
3546.21 1.47614 0
3542.02 1.47621 0
3537.83 1.47628 0
3533.66 1.47634 0
3529.5 1.47641 0
3525.35 1.47648 0
3521.2 1.47655 0
3517.07 1.47661 0
3512.95 1.47668 0
3508.83 1.47675 0
3504.73 1.47682 0
3500.63 1.47688 0
3496.55 1.47695 0
3492.47 1.47702 0
3488.41 1.47709 0
3484.35 1.47716 0
3480.3 1.47722 0
3476.26 1.47729 0
3472.23 1.47736 0
3468.22 1.47743 0
3464.21 1.4775 0
3460.2 1.47757 0
3456.21 1.47764 0
3452.23 1.47771 0
3448.26 1.47778 0
3444.29 1.47785 0
3440.34 1.47792 0
3436.39 1.47799 0
3432.46 1.47806 0
3428.53 1.47813 0
3424.61 1.4782 0
3420.7 1.47827 0
3416.8 1.47834 0
3412.91 1.47841 0
3409.02 1.47848 0
3405.15 1.47855 0
3401.28 1.47862 0
3397.43 1.4787 0
3393.58 1.47877 0
3389.74 1.47884 0
3385.91 1.47891 0
3382.09 1.47898 0
3378.27 1.47906 0
3374.47 1.47913 0
3370.67 1.4792 0
3366.88 1.47927 0
3363.1 1.47934 0
3359.33 1.47942 0
3355.57 1.47949 0
3351.82 1.47956 0
3348.07 1.47963 0
3344.33 1.4797 0
3340.61 1.47978 0
3336.89 1.47985 0
3333.17 1.47992 0
3329.47 1.48 0
3325.77 1.48007 0
3322.09 1.48014 0
3318.41 1.48021 0
3314.74 1.48029 0
3311.07 1.48036 0
3307.42 1.48043 0
3303.77 1.48051 0
3300.13 1.48058 0
3296.5 1.48066 0
3292.88 1.48074 0
3289.26 1.48082 0
3285.65 1.4809 0
3282.06 1.48098 0
3278.46 1.48106 0
3274.88 1.48114 0
3271.31 1.48122 0
3267.74 1.4813 0
3264.18 1.48137 0
3260.62 1.48145 0
3257.08 1.48153 0
3253.54 1.48161 0
3250.01 1.48169 0
3246.49 1.48177 0
3242.98 1.48185 0
3239.47 1.48193 0
3235.97 1.48201 0
3232.48 1.48209 0
3229 1.48216 0
3225.52 1.48224 0
3222.05 1.48232 0
3218.59 1.4824 0
3215.14 1.48248 0
3211.69 1.48256 0
3208.25 1.48264 0
3204.82 1.48272 0
3201.4 1.4828 0
3197.98 1.48288 0
3194.57 1.48295 0
3191.17 1.48303 0
3187.77 1.48311 0
3184.38 1.48319 0
3181 1.48327 0
3177.63 1.48335 0
3174.26 1.48343 0
3170.9 1.48351 0
3167.55 1.48359 0
3164.21 1.48366 0
3160.87 1.48374 0
3157.54 1.48382 0
3154.21 1.4839 0
3150.9 1.48398 0
3147.59 1.48406 0
3144.28 1.48414 0
3140.99 1.48422 0
3137.7 1.4843 0
3134.41 1.48437 0
3131.14 1.48445 0
3127.87 1.48453 0
3124.61 1.48461 0
3121.35 1.48469 0
3118.1 1.48477 0
3114.86 1.48485 0
3111.63 1.48493 0
3108.4 1.48501 0
3105.18 1.48508 0
3101.96 1.48516 0
3098.75 1.48524 0
3095.55 1.48532 0
3092.36 1.4854 0
3089.17 1.48548 0
3085.99 1.48556 0
3082.81 1.48564 0
3079.64 1.48572 0
3076.48 1.48579 0
3073.33 1.48587 0
3070.18 1.48595 0
3067.03 1.48603 0
3063.9 1.48611 0
3060.77 1.48619 0
3057.64 1.48627 0
3054.53 1.48635 0
3051.42 1.48642 0
3048.31 1.4865 0
3045.21 1.48658 0
3042.12 1.48666 0
3039.04 1.48674 0
3035.96 1.48682 0
3032.88 1.4869 0
3029.82 1.48698 0
3026.75 1.48705 0
3023.7 1.48713 0
3020.65 1.48721 0
3017.61 1.4873 0
3014.57 1.48738 0
3011.54 1.48747 0
3008.52 1.48755 0
3005.5 1.48764 0
3002.49 1.48772 0
2999.48 1.48781 0
2996.48 1.48789 0
2993.49 1.48798 0
2990.5 1.48806 0
2987.52 1.48815 0
2984.54 1.48823 0
2981.57 1.48832 0
2978.61 1.4884 0
2975.65 1.48849 0
2972.7 1.48857 0
2969.75 1.48866 0
2966.81 1.48874 0
2963.88 1.48883 0
2960.95 1.48892 0
2958.03 1.48901 0
2955.11 1.4891 0
2952.2 1.48918 0
2949.29 1.48927 0
2946.39 1.48936 0
2943.49 1.48945 0
2940.61 1.48954 0
2937.72 1.48962 0
2934.84 1.48971 0
2931.97 1.4898 0
2929.11 1.48989 0
2926.25 1.48998 0
2923.39 1.49006 0
2920.54 1.49015 0
2917.7 1.49024 0
2914.86 1.49033 0
2912.03 1.49041 0
2909.2 1.4905 0
2906.38 1.49059 0
2903.56 1.49068 0
2900.75 1.49077 0
2897.94 1.49085 0
2895.14 1.49094 0
2892.35 1.49103 0
2889.56 1.49112 0
2886.77 1.49121 0
2884 1.49131 0
2881.22 1.4914 0
2878.45 1.49149 0
2875.69 1.49158 0
2872.93 1.49167 0
2870.18 1.49176 0
2867.43 1.49186 0
2864.69 1.49195 0
2861.96 1.49204 0
2859.23 1.49213 0
2856.5 1.49222 0
2853.78 1.49231 0
2851.06 1.49241 0
2848.35 1.4925 0
2845.65 1.49259 0
2842.95 1.49268 0
2840.25 1.49277 0
2837.56 1.49286 0
2834.88 1.49296 0
2832.2 1.49305 0
2829.52 1.49314 0
2826.85 1.49323 0
2824.19 1.49332 0
2821.53 1.49341 0
2818.87 1.49351 0
2816.22 1.4936 0
2813.58 1.49369 0
2810.94 1.49378 0
2808.31 1.49387 0
2805.68 1.49396 0
2803.05 1.49406 0
2800.43 1.49415 0
2797.82 1.49425 0
2795.21 1.49434 0
2792.6 1.49444 0
2790 1.49453 0
40010 1.38898 7.83418e-005
39482.8 1.39098 6.87905e-005
38969.2 1.39297 5.92668e-005
38468.9 1.39496 4.97705e-005
37981.2 1.39646 3.2928e-005
37505.8 1.39795 1.59866e-005
37042.1 1.39944 0
36589.7 1.40085 0
36148.3 1.40226 0
35717.3 1.40367 0
35296.5 1.40499 0
34885.6 1.40621 0
34484.1 1.4074 0
34091.7 1.40854 0
33708.1 1.4096 0
33333.1 1.41066 0
32966.4 1.41171 0
32607.6 1.41269 0
32256.5 1.41345 0
31912.9 1.41403 0
31576.6 1.41462 0
31247.3 1.4152 0
30924.8 1.41579 0
30608.8 1.41637 0
30299.3 1.41696 0
29996 1.41754 0
29698.6 1.41813 0
29407.1 1.41871 0
29121.3 1.4193 0
28841 1.41988 0
28566 1.42046 0
28296.2 1.42105 0
28031.5 1.42163 0
27771.7 1.42221 0
27516.6 1.4228 0
27266.2 1.42338 0
27020.3 1.42396 0
26778.8 1.42454 0
26541.6 1.42512 0
26308.5 1.42571 0
26079.5 1.42629 0
25854.5 1.42687 0
25633.3 1.42745 0
25415.8 1.42803 0
25202 1.42861 0
24991.8 1.42919 0
24785.1 1.42977 0
24581.7 1.43035 0
24381.7 1.43093 0
24184.9 1.43127 0
23991.2 1.4316 0
23800.6 1.43194 0
23613.1 1.43227 0
23428.4 1.4326 0
23246.6 1.43293 0
23067.7 1.43321 0
22891.4 1.43348 0
22717.9 1.43376 0
22546.9 1.43403 0
22378.5 1.4343 0
22212.6 1.43458 0
22049.1 1.43485 0
21888 1.43513 0
21729.3 1.4354 0
21572.8 1.43568 0
21418.6 1.43592 0
21266.6 1.43615 0
21116.7 1.43638 0
20968.9 1.4366 0
20823.2 1.43683 0
20679.5 1.43706 0
20537.7 1.43728 0
20397.9 1.43748 0
20260 1.43768 0
20123.9 1.43788 0
19989.6 1.43807 0
19857.1 1.43827 0
19726.4 1.43847 0
19597.4 1.43864 0
19470 1.43881 0
19344.3 1.43897 0
19220.2 1.43914 0
19097.7 1.43931 0
18976.7 1.43947 0
18857.3 1.43964 0
18739.4 1.4398 0
18622.9 1.43997 0
18507.8 1.44013 0
18394.2 1.4403 0
18282 1.44046 0
18171.1 1.44063 0
18061.6 1.44078 0
17953.3 1.44091 0
17846.4 1.44105 0
17740.7 1.44118 0
17636.3 1.44132 0
17533.1 1.44145 0
17431.1 1.44159 0
17330.3 1.44172 0
17230.6 1.44186 0
17132.1 1.44199 0
17034.7 1.44212 0
16938.4 1.44225 0
16843.1 1.44237 0
16749 1.44249 0
16655.9 1.44261 0
16563.8 1.44272 0
16472.7 1.44282 0
16382.7 1.44292 0
16293.6 1.44303 0
16205.4 1.44313 0
16118.3 1.44324 0
16032 1.44334 0
15946.7 1.44344 0
15862.3 1.44355 0
15778.7 1.44365 0
15696.1 1.44375 0
15614.3 1.44386 0
15533.3 1.44396 0
15453.2 1.44406 0
15373.9 1.44417 0
15295.4 1.44427 0
15217.7 1.44436 0
15140.8 1.44444 0
15064.7 1.44453 0
14989.3 1.44462 0
14914.7 1.44471 0
14840.8 1.44479 0
14767.7 1.44488 0
14695.3 1.44497 0
14623.5 1.44505 0
14552.5 1.44513 0
14482.2 1.44521 0
14412.5 1.44529 0
14343.5 1.44537 0
14275.2 1.44545 0
14207.5 1.44553 0
14140.4 1.44561 0
14074 1.44569 0
14008.2 1.44577 0
13943 1.44585 0
13878.4 1.44592 0
13814.4 1.44599 0
13751 1.44606 0
13688.2 1.44613 0
13625.9 1.44621 0
13564.3 1.44626 0
13503.1 1.44632 0
13442.5 1.44638 0
13382.5 1.44644 0
13323 1.4465 0
13264 1.44656 0
13205.6 1.44662 0
13147.6 1.44668 0
13090.2 1.44673 0
13033.2 1.44679 0
12976.8 1.44685 0
12920.8 1.44691 0
12865.3 1.44697 0
12810.3 1.44703 0
12755.8 1.44709 0
12701.7 1.44715 0
12648.1 1.4472 0
12594.9 1.44726 0
12542.2 1.44732 0
12489.9 1.44738 0
12438.1 1.44744 0
12386.6 1.4475 0
12335.6 1.44756 0
12285.1 1.44761 0
12234.9 1.44767 0
12185.1 1.44773 0
12135.8 1.44779 0
12086.8 1.44785 0
12038.3 1.44791 0
11990.1 1.44797 0
11942.3 1.44803 0
11894.9 1.44808 0
11847.8 1.44814 0
11801.2 1.4482 0
11754.9 1.44826 0
11708.9 1.44832 0
11663.4 1.44838 0
11618.1 1.44844 0
11573.3 1.44849 0
11528.7 1.44855 0
11484.5 1.44861 0
11440.7 1.44867 0
11397.2 1.44873 0
11354 1.44879 0
11311.1 1.44885 0
11268.6 1.4489 0
11226.3 1.44895 0
11184.4 1.44899 0
11142.8 1.44904 0
11101.5 1.44909 0
11060.6 1.44914 0
11019.9 1.44918 0
10979.5 1.44923 0
10939.4 1.44928 0
10899.6 1.44933 0
10860.1 1.44937 0
10820.9 1.44942 0
10781.9 1.44946 0
10743.3 1.44951 0
10704.9 1.44955 0
10666.8 1.4496 0
10628.9 1.44964 0
10591.4 1.44969 0
10554.1 1.44973 0
10517 1.44978 0
10480.2 1.44982 0
10443.7 1.44987 0
10407.4 1.44991 0
10371.4 1.44996 0
10335.6 1.45 0
10300.1 1.45004 0
10264.8 1.45009 0
10229.8 1.45013 0
10194.9 1.45018 0
10160.4 1.45022 0
10126 1.45027 0
10091.9 1.45031 0
10058 1.45035 0
10024.4 1.45039 0
9990.97 1.45043 0
9957.76 1.45047 0
9924.78 1.45051 0
9892.01 1.45055 0
9859.46 1.45059 0
9827.12 1.45063 0
9794.99 1.45067 0
9763.07 1.45071 0
9731.36 1.45075 0
9699.86 1.45079 0
9668.56 1.45083 0
9637.46 1.45087 0
9606.56 1.45091 0
9575.85 1.45095 0
9545.35 1.451 0
9515.03 1.45104 0
9484.91 1.45108 0
9454.98 1.45112 0
9425.24 1.45116 0
9395.68 1.4512 0
9366.31 1.45124 0
9337.12 1.45128 0
9308.11 1.45132 0
9279.28 1.45136 0
9250.63 1.4514 0
9222.16 1.45144 0
9193.86 1.45148 0
9165.73 1.45152 0
9137.78 1.45156 0
9110 1.4516 0
9082.38 1.45164 0
9054.93 1.45168 0
9027.65 1.45172 0
9000.53 1.45176 0
8973.57 1.4518 0
8946.78 1.45185 0
8920.14 1.45188 0
8893.66 1.45192 0
8867.34 1.45196 0
8841.17 1.452 0
8815.16 1.45204 0
8789.3 1.45207 0
8763.59 1.45211 0
8738.03 1.45215 0
8712.62 1.45219 0
8687.36 1.45222 0
8662.25 1.45226 0
8637.27 1.4523 0
8612.45 1.45234 0
8587.76 1.45238 0
8563.22 1.45241 0
8538.81 1.45245 0
8514.54 1.45249 0
8490.42 1.45253 0
8466.42 1.45256 0
8442.57 1.4526 0
8418.84 1.45264 0
8395.26 1.45267 0
8371.8 1.45271 0
8348.47 1.45275 0
8325.27 1.45279 0
8302.2 1.45282 0
8279.26 1.45286 0
8256.45 1.4529 0
8233.76 1.45293 0
8211.19 1.45297 0
8188.75 1.45301 0
8166.43 1.45304 0
8144.23 1.45308 0
8122.15 1.45312 0
8100.19 1.45315 0
8078.35 1.45319 0
8056.63 1.45323 0
8035.03 1.45326 0
8013.53 1.4533 0
7992.16 1.45334 0
7970.9 1.45337 0
7949.75 1.45341 0
7928.71 1.45345 0
7907.78 1.45349 0
7886.97 1.45352 0
7866.26 1.45356 0
7845.66 1.4536 0
7825.17 1.45363 0
7804.79 1.45367 0
7784.51 1.45371 0
7764.34 1.45374 0
7744.27 1.45378 0
7724.3 1.45382 0
7704.44 1.45385 0
7684.68 1.45389 0
7665.02 1.45393 0
7645.46 1.45396 0
7626 1.454 0
7606.64 1.45404 0
7587.37 1.45408 0
7568.21 1.45411 0
7549.14 1.45415 0
7530.17 1.45419 0
7511.29 1.45422 0
7492.51 1.45426 0
7473.82 1.4543 0
7455.22 1.45433 0
7436.71 1.45437 0
7418.3 1.45441 0
7399.98 1.45444 0
7381.75 1.45448 0
7363.6 1.45452 0
7345.55 1.45455 0
7327.59 1.45459 0
7309.71 1.45463 0
7291.92 1.45466 0
7274.22 1.4547 0
7256.6 1.45474 0
7239.06 1.45477 0
7221.62 1.45481 0
7204.25 1.45485 0
7186.97 1.45489 0
7169.77 1.45492 0
7152.66 1.45496 0
7135.62 1.455 0
7118.67 1.45503 0
7101.79 1.45507 0
7085 1.45511 0
7068.29 1.45514 0
7051.65 1.45518 0
7035.09 1.45522 0
7018.61 1.45526 0
7002.21 1.45529 0
6985.88 1.45533 0
6969.63 1.45537 0
6953.46 1.45541 0
6937.36 1.45545 0
6921.33 1.45548 0
6905.38 1.45552 0
6889.5 1.45556 0
6873.69 1.4556 0
6857.96 1.45563 0
6842.3 1.45567 0
6826.71 1.45571 0
6811.19 1.45575 0
6795.74 1.45579 0
6780.36 1.45582 0
6765.05 1.45586 0
6749.81 1.4559 0
6734.64 1.45594 0
6719.54 1.45598 0
6704.5 1.45601 0
6689.53 1.45605 0
6674.63 1.45609 0
6659.79 1.45613 0
6645.02 1.45616 0
6630.32 1.4562 0
6615.68 1.45624 0
6601.1 1.45627 0
6586.59 1.45631 0
6572.14 1.45635 0
6557.76 1.45638 0
6543.43 1.45642 0
6529.17 1.45646 0
6514.98 1.4565 0
6500.84 1.45654 0
6486.77 1.45658 0
6472.75 1.45661 0
6458.8 1.45665 0
6444.91 1.45669 0
6431.07 1.45673 0
6417.3 1.45677 0
6403.58 1.45681 0
6389.93 1.45685 0
6376.33 1.45689 0
6362.79 1.45693 0
6349.3 1.45697 0
6335.87 1.45701 0
6322.5 1.45705 0
6309.19 1.45709 0
6295.93 1.45713 0
6282.73 1.45717 0
6269.58 1.4572 0
6256.49 1.45724 0
6243.45 1.45728 0
6230.47 1.45732 0
6217.54 1.45736 0
6204.67 1.4574 0
6191.84 1.45744 0
6179.07 1.45748 0
6166.36 1.45752 0
6153.69 1.45756 0
6141.08 1.4576 0
6128.52 1.45764 0
6116.01 1.45768 0
6103.55 1.45772 0
6091.14 1.45776 0
6078.78 1.4578 0
6066.47 1.45784 0
6054.21 1.45787 0
6042.01 1.45791 0
6029.85 1.45795 0
6017.74 1.45799 0
6005.67 1.45803 0
5993.66 1.45807 0
5981.69 1.45811 0
5969.77 1.45815 0
5957.9 1.45819 0
5946.08 1.45823 0
5934.3 1.45827 0
5922.57 1.45831 0
5910.89 1.45835 0
5899.25 1.45839 0
5887.66 1.45843 0
5876.11 1.45847 0
5864.61 1.45851 0
5853.15 1.45855 0
5841.74 1.45859 0
5830.37 1.45863 0
5819.05 1.45867 0
5807.77 1.45871 0
5796.53 1.45875 0
5785.34 1.45879 0
5774.19 1.45883 0
5763.08 1.45887 0
5752.02 1.45892 0
5741 1.45896 0
5730.02 1.459 0
5719.08 1.45904 0
5708.18 1.45908 0
5697.33 1.45913 0
5686.52 1.45917 0
5675.74 1.45921 0
5665.01 1.45925 0
5654.32 1.45929 0
5643.67 1.45934 0
5633.06 1.45938 0
5622.49 1.45942 0
5611.96 1.45946 0
5601.47 1.4595 0
5591.01 1.45954 0
5580.6 1.45959 0
5570.22 1.45963 0
5559.89 1.45967 0
5549.59 1.45971 0
5539.33 1.45975 0
5529.11 1.4598 0
5518.92 1.45984 0
5508.77 1.45988 0
5498.66 1.45992 0
5488.59 1.45996 0
5478.56 1.46001 0
5468.56 1.46005 0
5458.59 1.46009 0
5448.67 1.46013 0
5438.78 1.46018 0
5428.92 1.46022 0
5419.1 1.46027 0
5409.32 1.46031 0
5399.57 1.46036 0
5389.86 1.4604 0
5380.18 1.46044 0
5370.53 1.46049 0
5360.92 1.46053 0
5351.35 1.46058 0
5341.81 1.46062 0
5332.3 1.46067 0
5322.83 1.46071 0
5313.39 1.46075 0
5303.98 1.4608 0
5294.61 1.46084 0
5285.27 1.46089 0
5275.96 1.46093 0
5266.69 1.46097 0
5257.45 1.46102 0
5248.24 1.46106 0
5239.06 1.46111 0
5229.91 1.46115 0
5220.8 1.4612 0
5211.72 1.46124 0
5202.67 1.46128 0
5193.65 1.46133 0
5184.66 1.46137 0
5175.71 1.46142 0
5166.78 1.46146 0
5157.89 1.46151 0
5149.02 1.46155 0
5140.19 1.46159 0
5131.39 1.46164 0
5122.61 1.46168 0
5113.87 1.46173 0
5105.16 1.46177 0
5096.47 1.46182 0
5087.82 1.46186 0
5079.19 1.46191 0
5070.6 1.46195 0
5062.03 1.462 0
5053.49 1.46204 0
5044.98 1.46209 0
5036.5 1.46214 0
5028.05 1.46218 0
5019.63 1.46223 0
5011.23 1.46228 0
5002.86 1.46232 0
4994.52 1.46237 0
4986.21 1.46242 0
4977.93 1.46246 0
4969.67 1.46251 0
4961.44 1.46255 0
4953.24 1.4626 0
4945.06 1.46265 0
4936.92 1.46269 0
4928.79 1.46274 0
4920.7 1.46279 0
4912.63 1.46283 0
4904.59 1.46288 0
4896.57 1.46292 0
4888.58 1.46297 0
4880.62 1.46302 0
4872.68 1.46306 0
4864.77 1.46311 0
4856.89 1.46316 0
4849.02 1.46321 0
4841.19 1.46325 0
4833.38 1.4633 0
4825.6 1.46335 0
4817.84 1.4634 0
4810.1 1.46345 0
4802.39 1.46349 0
4794.71 1.46354 0
4787.05 1.46359 0
4779.41 1.46364 0
4771.8 1.46369 0
4764.21 1.46373 0
4756.65 1.46378 0
4749.11 1.46383 0
4741.59 1.46388 0
4734.1 1.46393 0
4726.63 1.46397 0
4719.18 1.46402 0
4711.76 1.46407 0
4704.37 1.46412 0
4696.99 1.46417 0
4689.64 1.46421 0
4682.31 1.46426 0
4675 1.46431 0
4667.72 1.46436 0
4660.46 1.46441 0
4653.22 1.46447 0
4646.01 1.46452 0
4638.81 1.46457 0
4631.64 1.46462 0
4624.49 1.46467 0
4617.37 1.46472 0
4610.26 1.46477 0
4603.18 1.46482 0
4596.12 1.46487 0
4589.08 1.46493 0
4582.06 1.46498 0
4575.06 1.46503 0
4568.09 1.46508 0
4561.13 1.46513 0
4554.2 1.46518 0
4547.29 1.46523 0
4540.4 1.46528 0
4533.53 1.46533 0
4526.68 1.46539 0
4519.85 1.46544 0
4513.04 1.46549 0
4506.25 1.46554 0
4499.49 1.46559 0
4492.74 1.46564 0
4486.01 1.46569 0
4479.3 1.46574 0
4472.62 1.46579 0
4465.95 1.46584 0
4459.3 1.4659 0
4452.68 1.46595 0
4446.07 1.466 0
4439.48 1.46605 0
4432.91 1.4661 0
4426.36 1.46615 0
4419.83 1.4662 0
4413.32 1.46625 0
4406.83 1.4663 0
4400.36 1.46636 0
4393.91 1.46641 0
4387.47 1.46646 0
4381.06 1.46651 0
4374.66 1.46656 0
4368.28 1.46661 0
4361.92 1.46666 0
4355.58 1.46671 0
4349.26 1.46677 0
4342.96 1.46682 0
4336.67 1.46688 0
4330.4 1.46693 0
4324.15 1.46699 0
4317.92 1.46705 0
4311.71 1.4671 0
4305.51 1.46716 0
4299.33 1.46721 0
4293.17 1.46727 0
4287.03 1.46732 0
4280.9 1.46738 0
4274.79 1.46743 0
4268.7 1.46749 0
4262.63 1.46754 0
4256.58 1.4676 0
4250.54 1.46765 0
4244.52 1.46771 0
4238.51 1.46776 0
4232.52 1.46782 0
4226.55 1.46787 0
4220.6 1.46793 0
4214.66 1.46798 0
4208.74 1.46804 0
4202.84 1.46809 0
4196.95 1.46815 0
4191.08 1.4682 0
4185.22 1.46826 0
4179.39 1.46831 0
4173.56 1.46837 0
4167.76 1.46842 0
4161.97 1.46848 0
4156.2 1.46853 0
4150.44 1.46859 0
4144.7 1.46864 0
4138.97 1.4687 0
4133.26 1.46875 0
4127.57 1.46881 0
4121.89 1.46886 0
4116.23 1.46892 0
4110.58 1.46897 0
4104.95 1.46903 0
4099.33 1.46908 0
4093.73 1.46914 0
4088.14 1.4692 0
4082.57 1.46925 0
4077.02 1.46931 0
4071.48 1.46936 0
4065.95 1.46942 0
4060.44 1.46947 0
4054.95 1.46953 0
4049.47 1.46958 0
4044 1.46964 0
4038.55 1.4697 0
4033.11 1.46976 0
4027.69 1.46982 0
4022.28 1.46988 0
4016.89 1.46995 0
4011.51 1.47001 0
4006.15 1.47007 0
4000.8 1.47013 0
3995.47 1.47019 0
3990.14 1.47025 0
3984.84 1.47031 0
3979.54 1.47037 0
3974.27 1.47044 0
3969 1.4705 0
3963.75 1.47056 0
3958.51 1.47062 0
3953.29 1.47068 0
3948.08 1.47074 0
3942.89 1.4708 0
3937.7 1.47086 0
3932.54 1.47093 0
3927.38 1.47099 0
3922.24 1.47105 0
3917.11 1.47111 0
3912 1.47117 0
3906.9 1.47123 0
3901.81 1.47129 0
3896.73 1.47135 0
3891.67 1.47141 0
3886.62 1.47148 0
3881.59 1.47154 0
3876.57 1.4716 0
3871.56 1.47166 0
3866.56 1.47172 0
3861.58 1.47178 0
3856.61 1.47184 0
3851.65 1.4719 0
3846.7 1.47197 0
3841.77 1.47203 0
3836.85 1.47209 0
3831.94 1.47215 0
3827.05 1.47221 0
3822.17 1.47227 0
3817.3 1.47233 0
3812.44 1.47239 0
3807.6 1.47246 0
3802.76 1.47252 0
3797.94 1.47258 0
3793.13 1.47264 0
3788.34 1.4727 0
3783.55 1.47276 0
3778.78 1.47282 0
3774.02 1.47288 0
3769.27 1.47294 0
3764.54 1.47301 0
3759.81 1.47307 0
3755.1 1.47313 0
3750.4 1.47319 0
3745.71 1.47325 0
3741.04 1.47331 0
3736.37 1.47337 0
3731.72 1.47343 0
3727.07 1.47349 0
3722.44 1.47356 0
3717.82 1.47362 0
3713.22 1.47368 0
3708.62 1.47374 0
3704.04 1.4738 0
3699.46 1.47386 0
3694.9 1.47392 0
3690.35 1.47398 0
3685.81 1.47404 0
3681.28 1.47411 0
3676.76 1.47417 0
3672.26 1.47423 0
3667.76 1.47429 0
3663.28 1.47435 0
3658.8 1.47441 0
3654.34 1.47447 0
3649.89 1.47453 0
3645.45 1.4746 0
3641.02 1.47466 0
3636.6 1.47473 0
3632.19 1.4748 0
3627.79 1.47486 0
3623.41 1.47493 0
3619.03 1.47499 0
3614.66 1.47506 0
3610.31 1.47512 0
3605.96 1.47519 0
3601.63 1.47526 0
3597.3 1.47533 0
3592.99 1.47539 0
3588.69 1.47546 0
3584.39 1.47553 0
3580.11 1.4756 0
3575.84 1.47567 0
3571.57 1.47573 0
3567.32 1.4758 0
3563.08 1.47587 0
3558.85 1.47594 0
3554.62 1.476 0
3550.41 1.47607 0
3546.21 1.47614 0
3542.02 1.47621 0
3537.83 1.47628 0
3533.66 1.47634 0
3529.5 1.47641 0
3525.35 1.47648 0
3521.2 1.47655 0
3517.07 1.47661 0
3512.95 1.47668 0
3508.83 1.47675 0
3504.73 1.47682 0
3500.63 1.47688 0
3496.55 1.47695 0
3492.47 1.47702 0
3488.41 1.47709 0
3484.35 1.47716 0
3480.3 1.47722 0
3476.26 1.47729 0
3472.23 1.47736 0
3468.22 1.47743 0
3464.21 1.4775 0
3460.2 1.47757 0
3456.21 1.47764 0
3452.23 1.47771 0
3448.26 1.47778 0
3444.29 1.47785 0
3440.34 1.47792 0
3436.39 1.47799 0
3432.46 1.47806 0
3428.53 1.47813 0
3424.61 1.4782 0
3420.7 1.47827 0
3416.8 1.47834 0
3412.91 1.47841 0
3409.02 1.47848 0
3405.15 1.47855 0
3401.28 1.47862 0
3397.43 1.4787 0
3393.58 1.47877 0
3389.74 1.47884 0
3385.91 1.47891 0
3382.09 1.47898 0
3378.27 1.47906 0
3374.47 1.47913 0
3370.67 1.4792 0
3366.88 1.47927 0
3363.1 1.47934 0
3359.33 1.47942 0
3355.57 1.47949 0
3351.82 1.47956 0
3348.07 1.47963 0
3344.33 1.4797 0
3340.61 1.47978 0
3336.89 1.47985 0
3333.17 1.47992 0
3329.47 1.48 0
3325.77 1.48007 0
3322.09 1.48014 0
3318.41 1.48021 0
3314.74 1.48029 0
3311.07 1.48036 0
3307.42 1.48043 0
3303.77 1.48051 0
3300.13 1.48058 0
3296.5 1.48066 0
3292.88 1.48074 0
3289.26 1.48082 0
3285.65 1.4809 0
3282.06 1.48098 0
3278.46 1.48106 0
3274.88 1.48114 0
3271.31 1.48122 0
3267.74 1.4813 0
3264.18 1.48137 0
3260.62 1.48145 0
3257.08 1.48153 0
3253.54 1.48161 0
3250.01 1.48169 0
3246.49 1.48177 0
3242.98 1.48185 0
3239.47 1.48193 0
3235.97 1.48201 0
3232.48 1.48209 0
3229 1.48216 0
3225.52 1.48224 0
3222.05 1.48232 0
3218.59 1.4824 0
3215.14 1.48248 0
3211.69 1.48256 0
3208.25 1.48264 0
3204.82 1.48272 0
3201.4 1.4828 0
3197.98 1.48288 0
3194.57 1.48295 0
3191.17 1.48303 0
3187.77 1.48311 0
3184.38 1.48319 0
3181 1.48327 0
3177.63 1.48335 0
3174.26 1.48343 0
3170.9 1.48351 0
3167.55 1.48359 0
3164.21 1.48366 0
3160.87 1.48374 0
3157.54 1.48382 0
3154.21 1.4839 0
3150.9 1.48398 0
3147.59 1.48406 0
3144.28 1.48414 0
3140.99 1.48422 0
3137.7 1.4843 0
3134.41 1.48437 0
3131.14 1.48445 0
3127.87 1.48453 0
3124.61 1.48461 0
3121.35 1.48469 0
3118.1 1.48477 0
3114.86 1.48485 0
3111.63 1.48493 0
3108.4 1.48501 0
3105.18 1.48508 0
3101.96 1.48516 0
3098.75 1.48524 0
3095.55 1.48532 0
3092.36 1.4854 0
3089.17 1.48548 0
3085.99 1.48556 0
3082.81 1.48564 0
3079.64 1.48572 0
3076.48 1.48579 0
3073.33 1.48587 0
3070.18 1.48595 0
3067.03 1.48603 0
3063.9 1.48611 0
3060.77 1.48619 0
3057.64 1.48627 0
3054.53 1.48635 0
3051.42 1.48642 0
3048.31 1.4865 0
3045.21 1.48658 0
3042.12 1.48666 0
3039.04 1.48674 0
3035.96 1.48682 0
3032.88 1.4869 0
3029.82 1.48698 0
3026.75 1.48705 0
3023.7 1.48713 0
3020.65 1.48721 0
3017.61 1.4873 0
3014.57 1.48738 0
3011.54 1.48747 0
3008.52 1.48755 0
3005.5 1.48764 0
3002.49 1.48772 0
2999.48 1.48781 0
2996.48 1.48789 0
2993.49 1.48798 0
2990.5 1.48806 0
2987.52 1.48815 0
2984.54 1.48823 0
2981.57 1.48832 0
2978.61 1.4884 0
2975.65 1.48849 0
2972.7 1.48857 0
2969.75 1.48866 0
2966.81 1.48874 0
2963.88 1.48883 0
2960.95 1.48892 0
2958.03 1.48901 0
2955.11 1.4891 0
2952.2 1.48918 0
2949.29 1.48927 0
2946.39 1.48936 0
2943.49 1.48945 0
2940.61 1.48954 0
2937.72 1.48962 0
2934.84 1.48971 0
2931.97 1.4898 0
2929.11 1.48989 0
2926.25 1.48998 0
2923.39 1.49006 0
2920.54 1.49015 0
2917.7 1.49024 0
2914.86 1.49033 0
2912.03 1.49041 0
2909.2 1.4905 0
2906.38 1.49059 0
2903.56 1.49068 0
2900.75 1.49077 0
2897.94 1.49085 0
2895.14 1.49094 0
2892.35 1.49103 0
2889.56 1.49112 0
2886.77 1.49121 0
2884 1.49131 0
2881.22 1.4914 0
2878.45 1.49149 0
2875.69 1.49158 0
2872.93 1.49167 0
2870.18 1.49176 0
2867.43 1.49186 0
2864.69 1.49195 0
2861.96 1.49204 0
2859.23 1.49213 0
2856.5 1.49222 0
2853.78 1.49231 0
2851.06 1.49241 0
2848.35 1.4925 0
2845.65 1.49259 0
2842.95 1.49268 0
2840.25 1.49277 0
2837.56 1.49286 0
2834.88 1.49296 0
2832.2 1.49305 0
2829.52 1.49314 0
2826.85 1.49323 0
2824.19 1.49332 0
2821.53 1.49341 0
2818.87 1.49351 0
2816.22 1.4936 0
2813.58 1.49369 0
2810.94 1.49378 0
2808.31 1.49387 0
2805.68 1.49396 0
2803.05 1.49406 0
2800.43 1.49415 0
2797.82 1.49425 0
2795.21 1.49434 0
2792.6 1.49444 0
2790 1.49453 0
