40010 1.46122 0
39482.8 1.46122 0
38969.2 1.46122 0
38468.9 1.46122 0
37981.2 1.46122 0
37505.8 1.46122 0
37042.1 1.46122 0
36589.7 1.46122 0
36148.3 1.46122 0
35717.3 1.46122 0
35296.5 1.46122 0
34885.6 1.46122 0
34484.1 1.46122 0
34091.7 1.46122 0
33708.1 1.46122 0
33333.1 1.46122 0
32966.4 1.46122 0
32607.6 1.46122 0
32256.5 1.46122 0
31912.9 1.46122 0
31576.6 1.46122 0
31247.3 1.46122 0
30924.8 1.46122 0
30608.8 1.46122 0
30299.3 1.46122 0
29996 1.46122 0
29698.6 1.46122 0
29407.1 1.46122 0
29121.3 1.46122 0
28841 1.46122 0
28566 1.46122 0
28296.2 1.46122 0
28031.5 1.46122 0
27771.7 1.46122 0
27516.6 1.46122 0
27266.2 1.46122 0
27020.3 1.46122 0
26778.8 1.46122 0
26541.6 1.46122 0
26308.5 1.46122 0
26079.5 1.46122 0
25854.5 1.46122 0
25633.3 1.46122 0
25415.8 1.46122 0
25202 1.46122 0
24991.8 1.46122 0
24785.1 1.46122 0
24581.7 1.46122 0
24381.7 1.46122 0
24184.9 1.46122 0
23991.2 1.46122 0
23800.6 1.46122 0
23613.1 1.46122 0
23428.4 1.46122 0
23246.6 1.46122 0
23067.7 1.46122 0
22891.4 1.46122 0
22717.9 1.46122 0
22546.9 1.46122 0
22378.5 1.46122 0
22212.6 1.46122 0
22049.1 1.46122 0
21888 1.46122 0
21729.3 1.46122 0
21572.8 1.46122 0
21418.6 1.46122 0
21266.6 1.46122 0
21116.7 1.46122 0
20968.9 1.46122 0
20823.2 1.46122 0
20679.5 1.46122 0
20537.7 1.46122 0
20397.9 1.46122 0
20260 1.46122 0
20123.9 1.46122 0
19989.6 1.46122 0
19857.1 1.46122 0
19726.4 1.46122 0
19597.4 1.46122 0
19470 1.46122 0
19344.3 1.46122 0
19220.2 1.46122 0
19097.7 1.46122 0
18976.7 1.46122 0
18857.3 1.46122 0
18739.4 1.46122 0
18622.9 1.46122 0
18507.8 1.46122 0
18394.2 1.46122 0
18282 1.46122 0
18171.1 1.46122 0
18061.6 1.46122 0
17953.3 1.46122 0
17846.4 1.46122 0
17740.7 1.46122 0
17636.3 1.46122 0
17533.1 1.46122 0
17431.1 1.46122 0
17330.3 1.46122 0
17230.6 1.46122 0
17132.1 1.46122 0
17034.7 1.46122 0
16938.4 1.46122 0
16843.1 1.46122 0
16749 1.46122 0
16655.9 1.46122 0
16563.8 1.46122 0
16472.7 1.46122 0
16382.7 1.46122 0
16293.6 1.46122 0
16205.4 1.46122 0
16118.3 1.46122 0
16032 1.46122 0
15946.7 1.46122 0
15862.3 1.46122 0
15778.7 1.46122 0
15696.1 1.46122 0
15614.3 1.46122 0
15533.3 1.46122 0
15453.2 1.46122 0
15373.9 1.46122 0
15295.4 1.46122 0
15217.7 1.46122 0
15140.8 1.46122 0
15064.7 1.46122 0
14989.3 1.46122 0
14914.7 1.46122 0
14840.8 1.46122 0
14767.7 1.46122 0
14695.3 1.46122 0
14623.5 1.46122 0
14552.5 1.46122 0
14482.2 1.46122 0
14412.5 1.46122 0
14343.5 1.46122 0
14275.2 1.46122 0
14207.5 1.46122 0
14140.4 1.46122 0
14074 1.46122 0
14008.2 1.46122 0
13943 1.46122 0
13878.4 1.46122 0
13814.4 1.46122 0
13751 1.46122 0
13688.2 1.46122 0
13625.9 1.46122 0
13564.3 1.46122 0
13503.1 1.46122 0
13442.5 1.46122 0
13382.5 1.46122 0
13323 1.46122 0
13264 1.46122 0
13205.6 1.46122 0
13147.6 1.46122 0
13090.2 1.46122 0
13033.2 1.46122 0
12976.8 1.46122 0
12920.8 1.46122 0
12865.3 1.46122 0
12810.3 1.46122 0
12755.8 1.46122 0
12701.7 1.46122 0
12648.1 1.46122 0
12594.9 1.46122 0
12542.2 1.46122 0
12489.9 1.46122 0
12438.1 1.46122 0
12386.6 1.46122 0
12335.6 1.46122 0
12285.1 1.46122 0
12234.9 1.46122 0
12185.1 1.46122 0
12135.8 1.46122 0
12086.8 1.46122 0
12038.3 1.46122 0
11990.1 1.46122 0
11942.3 1.46122 0
11894.9 1.46122 0
11847.8 1.46122 0
11801.2 1.46122 0
11754.9 1.46122 0
11708.9 1.46122 0
11663.4 1.46122 0
11618.1 1.46122 0
11573.3 1.46122 0
11528.7 1.46122 0
11484.5 1.46122 0
11440.7 1.46122 0
11397.2 1.46122 0
11354 1.46122 0
11311.1 1.46122 0
11268.6 1.46122 0
11226.3 1.46122 0
11184.4 1.46122 0
11142.8 1.46122 0
11101.5 1.46122 0
11060.6 1.46122 0
11019.9 1.46122 0
10979.5 1.46122 0
10939.4 1.46122 0
10899.6 1.46122 0
10860.1 1.46122 0
10820.9 1.46122 0
10781.9 1.46122 0
10743.3 1.46122 0
10704.9 1.46122 0
10666.8 1.46122 0
10628.9 1.46122 0
10591.4 1.46122 0
10554.1 1.46122 0
10517 1.46122 0
10480.2 1.46122 0
10443.7 1.46122 0
10407.4 1.46122 0
10371.4 1.46122 0
10335.6 1.46122 0
10300.1 1.46122 0
10264.8 1.46122 0
10229.8 1.46122 0
10194.9 1.46122 0
10160.4 1.46122 0
10126 1.46122 0
10091.9 1.46122 0
10058 1.46122 0
10024.4 1.46122 0
9990.97 1.46122 0
9957.76 1.46122 0
9924.78 1.46122 0
9892.01 1.46122 0
9859.46 1.46122 0
9827.12 1.46122 0
9794.99 1.46122 0
9763.07 1.46122 0
9731.36 1.46122 0
9699.86 1.46122 0
9668.56 1.46122 0
9637.46 1.46122 0
9606.56 1.46122 0
9575.85 1.46122 0
9545.35 1.46122 0
9515.03 1.46122 0
9484.91 1.46122 0
9454.98 1.46122 0
9425.24 1.46122 0
9395.68 1.46122 0
9366.31 1.46122 0
9337.12 1.46122 0
9308.11 1.46122 0
9279.28 1.46122 0
9250.63 1.46122 0
9222.16 1.46122 0
9193.86 1.46122 0
9165.73 1.46122 0
9137.78 1.46122 0
9110 1.46122 0
9082.38 1.46122 0
9054.93 1.46122 0
9027.65 1.46122 0
9000.53 1.46122 0
8973.57 1.46122 0
8946.78 1.46122 0
8920.14 1.46122 0
8893.66 1.46122 0
8867.34 1.46122 0
8841.17 1.46122 0
8815.16 1.46122 0
8789.3 1.46122 0
8763.59 1.46122 0
8738.03 1.46122 0
8712.62 1.46122 0
8687.36 1.46122 0
8662.25 1.46122 0
8637.27 1.46122 0
8612.45 1.46122 0
8587.76 1.46122 0
8563.22 1.46122 0
8538.81 1.46122 0
8514.54 1.46122 0
8490.42 1.46122 0
8466.42 1.46122 0
8442.57 1.46122 0
8418.84 1.46122 0
8395.26 1.46122 0
8371.8 1.46122 0
8348.47 1.46122 0
8325.27 1.46122 0
8302.2 1.46122 0
8279.26 1.46122 0
8256.45 1.46122 0
8233.76 1.46122 0
8211.19 1.46122 0
8188.75 1.46122 0
8166.43 1.46122 0
8144.23 1.46122 0
8122.15 1.46122 0
8100.19 1.46122 0
8078.35 1.46122 0
8056.63 1.46122 0
8035.03 1.46122 0
8013.53 1.46122 0
7992.16 1.46122 0
7970.9 1.46122 0
7949.75 1.46122 0
7928.71 1.46122 0
7907.78 1.46122 0
7886.97 1.46122 0
7866.26 1.46122 0
7845.66 1.46122 0
7825.17 1.46122 0
7804.79 1.46122 0
7784.51 1.46122 0
7764.34 1.46122 0
7744.27 1.46122 0
7724.3 1.46122 0
7704.44 1.46122 0
7684.68 1.46122 0
7665.02 1.46122 0
7645.46 1.46122 0
7626 1.46122 0
7606.64 1.46122 0
7587.37 1.46122 0
7568.21 1.46122 0
7549.14 1.46122 0
7530.17 1.46122 0
7511.29 1.46122 0
7492.51 1.46122 0
7473.82 1.46122 0
7455.22 1.46122 0
7436.71 1.46122 0
7418.3 1.46122 0
7399.98 1.46122 0
7381.75 1.46122 0
7363.6 1.46122 0
7345.55 1.46122 0
7327.59 1.46122 0
7309.71 1.46122 0
7291.92 1.46122 0
7274.22 1.46122 0
7256.6 1.46122 0
7239.06 1.46122 0
7221.62 1.46122 0
7204.25 1.46122 0
7186.97 1.46122 0
7169.77 1.46122 0
7152.66 1.46122 0
7135.62 1.46122 0
7118.67 1.46122 0
7101.79 1.46122 0
7085 1.46122 0
7068.29 1.46122 0
7051.65 1.46122 0
7035.09 1.46122 0
7018.61 1.46122 0
7002.21 1.46122 0
6985.88 1.46122 0
6969.63 1.46122 0
6953.46 1.46122 0
6937.36 1.46122 0
6921.33 1.46122 0
6905.38 1.46122 0
6889.5 1.46122 0
6873.69 1.46122 0
6857.96 1.46122 0
6842.3 1.46122 0
6826.71 1.46122 0
6811.19 1.46122 0
6795.74 1.46122 0
6780.36 1.46122 0
6765.05 1.46122 0
6749.81 1.46122 0
6734.64 1.46122 0
6719.54 1.46122 0
6704.5 1.46122 0
6689.53 1.46122 0
6674.63 1.46122 0
6659.79 1.46122 0
6645.02 1.46122 0
6630.32 1.46122 0
6615.68 1.46122 0
6601.1 1.46122 0
6586.59 1.46122 0
6572.14 1.46122 0
6557.76 1.46122 0
6543.43 1.46122 0
6529.17 1.46122 0
6514.98 1.46122 0
6500.84 1.46122 0
6486.77 1.46122 0
6472.75 1.46122 0
6458.8 1.46122 0
6444.91 1.46122 0
6431.07 1.46122 0
6417.3 1.46122 0
6403.58 1.46122 0
6389.93 1.46122 0
6376.33 1.46122 0
6362.79 1.46122 0
6349.3 1.46122 0
6335.87 1.46122 0
6322.5 1.46122 0
6309.19 1.46122 0
6295.93 1.46122 0
6282.73 1.46122 0
6269.58 1.46122 0
6256.49 1.46122 0
6243.45 1.46122 0
6230.47 1.46122 0
6217.54 1.46122 0
6204.67 1.46122 0
6191.84 1.46122 0
6179.07 1.46122 0
6166.36 1.46122 0
6153.69 1.46122 0
6141.08 1.46122 0
6128.52 1.46122 0
6116.01 1.46122 0
6103.55 1.46122 0
6091.14 1.46122 0
6078.78 1.46122 0
6066.47 1.46122 0
6054.21 1.46122 0
6042.01 1.46122 0
6029.85 1.46122 0
6017.74 1.46122 0
6005.67 1.46122 0
5993.66 1.46122 0
5981.69 1.46122 0
5969.77 1.46122 0
5957.9 1.46122 0
5946.08 1.46122 0
5934.3 1.46122 0
5922.57 1.46122 0
5910.89 1.46122 0
5899.25 1.46122 0
5887.66 1.46122 0
5876.11 1.46122 0
5864.61 1.46122 0
5853.15 1.46122 0
5841.74 1.46122 0
5830.37 1.46122 0
5819.05 1.46122 0
5807.77 1.46122 0
5796.53 1.46122 0
5785.34 1.46122 0
5774.19 1.46122 0
5763.08 1.46122 0
5752.02 1.46122 0
5741 1.46122 0
5730.02 1.46122 0
5719.08 1.46122 0
5708.18 1.46122 0
5697.33 1.46122 0
5686.52 1.46122 0
5675.74 1.46122 0
5665.01 1.46122 0
5654.32 1.46122 0
5643.67 1.46122 0
5633.06 1.46122 0
5622.49 1.46122 0
5611.96 1.46122 0
5601.47 1.46122 0
5591.01 1.46122 0
5580.6 1.46122 0
5570.22 1.46122 0
5559.89 1.46122 0
5549.59 1.46122 0
5539.33 1.46122 0
5529.11 1.46122 0
5518.92 1.46122 0
5508.77 1.46122 0
5498.66 1.46122 0
5488.59 1.46122 0
5478.56 1.46122 0
5468.56 1.46122 0
5458.59 1.46122 0
5448.67 1.46122 0
5438.78 1.46122 0
5428.92 1.46122 0
5419.1 1.46122 0
5409.32 1.46122 0
5399.57 1.46122 0
5389.86 1.46122 0
5380.18 1.46122 0
5370.53 1.46122 0
5360.92 1.46122 0
5351.35 1.46122 0
5341.81 1.46122 0
5332.3 1.46122 0
5322.83 1.46122 0
5313.39 1.46122 0
5303.98 1.46122 0
5294.61 1.46122 0
5285.27 1.46122 0
5275.96 1.46122 0
5266.69 1.46122 0
5257.45 1.46122 0
5248.24 1.46122 0
5239.06 1.46122 0
5229.91 1.46122 0
5220.8 1.46122 0
5211.72 1.46122 0
5202.67 1.46122 0
5193.65 1.46122 0
5184.66 1.46122 0
5175.71 1.46122 0
5166.78 1.46122 0
5157.89 1.46122 0
5149.02 1.46122 0
5140.19 1.46122 0
5131.39 1.46122 0
5122.61 1.46122 0
5113.87 1.46122 0
5105.16 1.46122 0
5096.47 1.46122 0
5087.82 1.46122 0
5079.19 1.46122 0
5070.6 1.46122 0
5062.03 1.46122 0
5053.49 1.46122 0
5044.98 1.46122 0
5036.5 1.46122 0
5028.05 1.46122 0
5019.63 1.46122 0
5011.23 1.46122 0
5002.86 1.46122 0
4994.52 1.46122 0
4986.21 1.46122 0
4977.93 1.46122 0
4969.67 1.46122 0
4961.44 1.46122 0
4953.24 1.46122 0
4945.06 1.46122 0
4936.92 1.46122 0
4928.79 1.46122 0
4920.7 1.46122 0
4912.63 1.46122 0
4904.59 1.46122 0
4896.57 1.46122 0
4888.58 1.46122 0
4880.62 1.46122 0
4872.68 1.46122 0
4864.77 1.46122 0
4856.89 1.46122 0
4849.02 1.46122 0
4841.19 1.46122 0
4833.38 1.46122 0
4825.6 1.46122 0
4817.84 1.46122 0
4810.1 1.46122 0
4802.39 1.46122 0
4794.71 1.46122 0
4787.05 1.46122 0
4779.41 1.46122 0
4771.8 1.46122 0
4764.21 1.46122 0
4756.65 1.46122 0
4749.11 1.46122 0
4741.59 1.46122 0
4734.1 1.46122 0
4726.63 1.46122 0
4719.18 1.46122 0
4711.76 1.46122 0
4704.37 1.46122 0
4696.99 1.46122 0
4689.64 1.46122 0
4682.31 1.46122 0
4675 1.46122 0
4667.72 1.46122 0
4660.46 1.46122 0
4653.22 1.46122 0
4646.01 1.46122 0
4638.81 1.46122 0
4631.64 1.46122 0
4624.49 1.46122 0
4617.37 1.46122 0
4610.26 1.46122 0
4603.18 1.46122 0
4596.12 1.46122 0
4589.08 1.46122 0
4582.06 1.46122 0
4575.06 1.46122 0
4568.09 1.46122 0
4561.13 1.46122 0
4554.2 1.46122 0
4547.29 1.46122 0
4540.4 1.46122 0
4533.53 1.46122 0
4526.68 1.46122 0
4519.85 1.46122 0
4513.04 1.46122 0
4506.25 1.46122 0
4499.49 1.46122 0
4492.74 1.46122 0
4486.01 1.46122 0
4479.3 1.46122 0
4472.62 1.46122 0
4465.95 1.46122 0
4459.3 1.46122 0
4452.68 1.46122 0
4446.07 1.46122 0
4439.48 1.46122 0
4432.91 1.46122 0
4426.36 1.46122 0
4419.83 1.46122 0
4413.32 1.46122 0
4406.83 1.46122 0
4400.36 1.46122 0
4393.91 1.46122 0
4387.47 1.46122 0
4381.06 1.46122 0
4374.66 1.46122 0
4368.28 1.46122 0
4361.92 1.46122 0
4355.58 1.46122 0
4349.26 1.46122 0
4342.96 1.46122 0
4336.67 1.46122 0
4330.4 1.46122 0
4324.15 1.46122 0
4317.92 1.46122 0
4311.71 1.46122 0
4305.51 1.46122 0
4299.33 1.46122 0
4293.17 1.46122 0
4287.03 1.46122 0
4280.9 1.46122 0
4274.79 1.46122 0
4268.7 1.46122 0
4262.63 1.46122 0
4256.58 1.46122 0
4250.54 1.46122 0
4244.52 1.46122 0
4238.51 1.46122 0
4232.52 1.46122 0
4226.55 1.46122 0
4220.6 1.46122 0
4214.66 1.46122 0
4208.74 1.46122 0
4202.84 1.46122 0
4196.95 1.46122 0
4191.08 1.46122 0
4185.22 1.46122 0
4179.39 1.46122 0
4173.56 1.46122 0
4167.76 1.46122 0
4161.97 1.46122 0
4156.2 1.46122 0
4150.44 1.46122 0
4144.7 1.46122 0
4138.97 1.46122 0
4133.26 1.46122 0
4127.57 1.46122 0
4121.89 1.46122 0
4116.23 1.46122 0
4110.58 1.46122 0
4104.95 1.46122 0
4099.33 1.46122 0
4093.73 1.46122 0
4088.14 1.46122 0
4082.57 1.46122 0
4077.02 1.46122 0
4071.48 1.46122 0
4065.95 1.46122 0
4060.44 1.46122 0
4054.95 1.46122 0
4049.47 1.46122 0
4044 1.46122 0
4038.55 1.46122 0
4033.11 1.46122 0
4027.69 1.46122 0
4022.28 1.46122 0
4016.89 1.46122 0
4011.51 1.46122 0
4006.15 1.46122 0
4000.8 1.46122 0
3995.47 1.46122 0
3990.14 1.46122 0
3984.84 1.46122 0
3979.54 1.46122 0
3974.27 1.46122 0
3969 1.46122 0
3963.75 1.46122 0
3958.51 1.46122 0
3953.29 1.46122 0
3948.08 1.46122 0
3942.89 1.46122 0
3937.7 1.46122 0
3932.54 1.46122 0
3927.38 1.46122 0
3922.24 1.46122 0
3917.11 1.46122 0
3912 1.46122 0
3906.9 1.46122 0
3901.81 1.46122 0
3896.73 1.46122 0
3891.67 1.46122 0
3886.62 1.46122 0
3881.59 1.46122 0
3876.57 1.46122 0
3871.56 1.46122 0
3866.56 1.46122 0
3861.58 1.46122 0
3856.61 1.46122 0
3851.65 1.46122 0
3846.7 1.46122 0
3841.77 1.46122 0
3836.85 1.46122 0
3831.94 1.46122 0
3827.05 1.46122 0
3822.17 1.46122 0
3817.3 1.46122 0
3812.44 1.46122 0
3807.6 1.46122 0
3802.76 1.46122 0
3797.94 1.46122 0
3793.13 1.46122 0
3788.34 1.46122 0
3783.55 1.46122 0
3778.78 1.46122 0
3774.02 1.46122 0
3769.27 1.46122 0
3764.54 1.46122 0
3759.81 1.46122 0
3755.1 1.46122 0
3750.4 1.46122 0
3745.71 1.46122 0
3741.04 1.46122 0
3736.37 1.46122 0
3731.72 1.46122 0
3727.07 1.46122 0
3722.44 1.46122 0
3717.82 1.46122 0
3713.22 1.46122 0
3708.62 1.46122 0
3704.04 1.46122 0
3699.46 1.46122 0
3694.9 1.46122 0
3690.35 1.46122 0
3685.81 1.46122 0
3681.28 1.46122 0
3676.76 1.46122 0
3672.26 1.46122 0
3667.76 1.46122 0
3663.28 1.46122 0
3658.8 1.46122 0
3654.34 1.46122 0
3649.89 1.46122 0
3645.45 1.46122 0
3641.02 1.46122 0
3636.6 1.46122 0
3632.19 1.46122 0
3627.79 1.46122 0
3623.41 1.46122 0
3619.03 1.46122 0
3614.66 1.46122 0
3610.31 1.46122 0
3605.96 1.46122 0
3601.63 1.46122 0
3597.3 1.46122 0
3592.99 1.46122 0
3588.69 1.46122 0
3584.39 1.46122 0
3580.11 1.46122 0
3575.84 1.46122 0
3571.57 1.46122 0
3567.32 1.46122 0
3563.08 1.46122 0
3558.85 1.46122 0
3554.62 1.46122 0
3550.41 1.46122 0
3546.21 1.46122 0
3542.02 1.46122 0
3537.83 1.46122 0
3533.66 1.46122 0
3529.5 1.46122 0
3525.35 1.46122 0
3521.2 1.46122 0
3517.07 1.46122 0
3512.95 1.46122 0
3508.83 1.46122 0
3504.73 1.46122 0
3500.63 1.46122 0
3496.55 1.46122 0
3492.47 1.46122 0
3488.41 1.46122 0
3484.35 1.46122 0
3480.3 1.46122 0
3476.26 1.46122 0
3472.23 1.46122 0
3468.22 1.46122 0
3464.21 1.46122 0
3460.2 1.46122 0
3456.21 1.46122 0
3452.23 1.46122 0
3448.26 1.46122 0
3444.29 1.46122 0
3440.34 1.46122 0
3436.39 1.46122 0
3432.46 1.46122 0
3428.53 1.46122 0
3424.61 1.46122 0
3420.7 1.46122 0
3416.8 1.46122 0
3412.91 1.46122 0
3409.02 1.46122 0
3405.15 1.46122 0
3401.28 1.46122 0
3397.43 1.46122 0
3393.58 1.46122 0
3389.74 1.46122 0
3385.91 1.46122 0
3382.09 1.46122 0
3378.27 1.46122 0
3374.47 1.46122 0
3370.67 1.46122 0
3366.88 1.46122 0
3363.1 1.46122 0
3359.33 1.46122 0
3355.57 1.46122 0
3351.82 1.46122 0
3348.07 1.46122 0
3344.33 1.46122 0
3340.61 1.46122 0
3336.89 1.46122 0
3333.17 1.46122 0
3329.47 1.46122 0
3325.77 1.46122 0
3322.09 1.46122 0
3318.41 1.46122 0
3314.74 1.46122 0
3311.07 1.46122 0
3307.42 1.46122 0
3303.77 1.46122 0
3300.13 1.46122 0
3296.5 1.46122 0
3292.88 1.46122 0
3289.26 1.46122 0
3285.65 1.46122 0
3282.06 1.46122 0
3278.46 1.46122 0
3274.88 1.46122 0
3271.31 1.46122 0
3267.74 1.46122 0
3264.18 1.46122 0
3260.62 1.46122 0
3257.08 1.46122 0
3253.54 1.46122 0
3250.01 1.46122 0
3246.49 1.46122 0
3242.98 1.46122 0
3239.47 1.46122 0
3235.97 1.46122 0
3232.48 1.46122 0
3229 1.46122 0
3225.52 1.46122 0
3222.05 1.46122 0
3218.59 1.46122 0
3215.14 1.46122 0
3211.69 1.46122 0
3208.25 1.46122 0
3204.82 1.46122 0
3201.4 1.46122 0
3197.98 1.46122 0
3194.57 1.46122 0
3191.17 1.46122 0
3187.77 1.46122 0
3184.38 1.46122 0
3181 1.46122 0
3177.63 1.46122 0
3174.26 1.46122 0
3170.9 1.46122 0
3167.55 1.46122 0
3164.21 1.46122 0
3160.87 1.46122 0
3157.54 1.46122 0
3154.21 1.46122 0
3150.9 1.46122 0
3147.59 1.46122 0
3144.28 1.46122 0
3140.99 1.46122 0
3137.7 1.46122 0
3134.41 1.46122 0
3131.14 1.46122 0
3127.87 1.46122 0
3124.61 1.46122 0
3121.35 1.46122 0
3118.1 1.46122 0
3114.86 1.46122 0
3111.63 1.46122 0
3108.4 1.46122 0
3105.18 1.46122 0
3101.96 1.46122 0
3098.75 1.46122 0
3095.55 1.46122 0
3092.36 1.46122 0
3089.17 1.46122 0
3085.99 1.46122 0
3082.81 1.46122 0
3079.64 1.46122 0
3076.48 1.46122 0
3073.33 1.46122 0
3070.18 1.46122 0
3067.03 1.46122 0
3063.9 1.46122 0
3060.77 1.46122 0
3057.64 1.46122 0
3054.53 1.46122 0
3051.42 1.46122 0
3048.31 1.46122 0
3045.21 1.46122 0
3042.12 1.46122 0
3039.04 1.46122 0
3035.96 1.46122 0
3032.88 1.46122 0
3029.82 1.46122 0
3026.75 1.46122 0
3023.7 1.46122 0
3020.65 1.46122 0
3017.61 1.46122 0
3014.57 1.46122 0
3011.54 1.46122 0
3008.52 1.46122 0
3005.5 1.46122 0
3002.49 1.46122 0
2999.48 1.46122 0
2996.48 1.46122 0
2993.49 1.46122 0
2990.5 1.46122 0
2987.52 1.46122 0
2984.54 1.46122 0
2981.57 1.46122 0
2978.61 1.46122 0
2975.65 1.46122 0
2972.7 1.46122 0
2969.75 1.46122 0
2966.81 1.46122 0
2963.88 1.46122 0
2960.95 1.46122 0
2958.03 1.46122 0
2955.11 1.46122 0
2952.2 1.46122 0
2949.29 1.46122 0
2946.39 1.46122 0
2943.49 1.46122 0
2940.61 1.46122 0
2937.72 1.46122 0
2934.84 1.46122 0
2931.97 1.46122 0
2929.11 1.46122 0
2926.25 1.46122 0
2923.39 1.46122 0
2920.54 1.46122 0
2917.7 1.46122 0
2914.86 1.46122 0
2912.03 1.46122 0
2909.2 1.46122 0
2906.38 1.46122 0
2903.56 1.46122 0
2900.75 1.46122 0
2897.94 1.46122 0
2895.14 1.46122 0
2892.35 1.46122 0
2889.56 1.46122 0
2886.77 1.46122 0
2884 1.46122 0
2881.22 1.46122 0
2878.45 1.46122 0
2875.69 1.46122 0
2872.93 1.46122 0
2870.18 1.46122 0
2867.43 1.46122 0
2864.69 1.46122 0
2861.96 1.46122 0
2859.23 1.46122 0
2856.5 1.46122 0
2853.78 1.46122 0
2851.06 1.46122 0
2848.35 1.46122 0
2845.65 1.46122 0
2842.95 1.46122 0
2840.25 1.46122 0
2837.56 1.46122 0
2834.88 1.46122 0
2832.2 1.46122 0
2829.52 1.46122 0
2826.85 1.46122 0
2824.19 1.46122 0
2821.53 1.46122 0
2818.87 1.46122 0
2816.22 1.46122 0
2813.58 1.46122 0
2810.94 1.46122 0
2808.31 1.46122 0
2805.68 1.46122 0
2803.05 1.46122 0
2800.43 1.46122 0
2797.82 1.46122 0
2795.21 1.46122 0
2792.6 1.46122 0
2790 1.46122 0

