24176.8 2.811 7.15593e-005
23703.3 2.81104 7.22886e-005
23248 2.81108 7.29781e-005
22809.9 2.81112 7.36272e-005
22388 2.81116 7.42354e-005
21981.4 2.81121 7.4802e-005
21589.3 2.81125 7.53266e-005
21210.9 2.8113 7.58086e-005
20845.6 2.81134 7.62475e-005
20492.7 2.81139 7.66428e-005
20151.5 2.81144 7.69941e-005
19821.4 2.81149 7.73009e-005
19502.1 2.81154 7.75628e-005
19192.8 2.81159 7.77794e-005
18893.2 2.81164 7.79502e-005
18602.8 2.81169 7.8075e-005
18321.2 2.81175 7.81534e-005
18048 2.8118 7.8185e-005
17782.8 2.81186 7.81697e-005
17525.4 2.81192 7.81071e-005
17275.2 2.81197 7.7997e-005
17032.1 2.81203 7.78392e-005
16795.8 2.81209 7.76336e-005
16565.9 2.81215 7.73799e-005
16342.2 2.81221 7.70782e-005
16124.5 2.81228 7.67284e-005
15912.5 2.81234 7.63303e-005
15706 2.81241 7.5884e-005
15504.8 2.81247 7.53896e-005
15308.7 2.81254 7.48472e-005
15117.5 2.81261 7.42568e-005
14931 2.81268 7.36187e-005
14749 2.81275 7.2933e-005
14571.5 2.81282 7.22001e-005
14398.1 2.81289 7.14202e-005
14228.8 2.81296 7.05937e-005
14063.5 2.81304 6.97211e-005
13902 2.81311 6.88027e-005
13744.1 2.81319 6.78392e-005
13589.8 2.81327 6.68311e-005
13438.9 2.81335 6.57791e-005
13291.3 2.81343 6.46839e-005
13146.9 2.81351 6.35463e-005
13005.7 2.81359 6.23671e-005
12867.4 2.81368 6.11472e-005
12732 2.81376 5.98877e-005
12599.5 2.81385 5.85896e-005
12469.7 2.81394 5.72541e-005
12342.5 2.81403 5.58825e-005
12217.9 2.81412 5.44759e-005
12095.8 2.81421 5.3036e-005
11976.1 2.8143 5.15641e-005
11858.8 2.8144 5.00619e-005
11743.7 2.81449 4.85311e-005
11630.9 2.81459 4.69735e-005
11520.2 2.81469 4.5391e-005
11411.6 2.81479 4.37856e-005
11305 2.81489 4.21594e-005
11200.4 2.81499 4.05148e-005
11097.7 2.8151 3.88542e-005
10996.8 2.8152 3.71799e-005
10897.8 2.81531 3.54947e-005
10800.6 2.81542 3.38014e-005
10705 2.81553 3.21029e-005
10611.2 2.81564 3.04022e-005
10519 2.81575 2.87026e-005
10428.3 2.81587 2.70075e-005
10339.2 2.81598 2.53204e-005
10251.7 2.8161 2.36451e-005
10165.6 2.81622 2.19854e-005
10080.9 2.81634 2.03454e-005
9997.62 2.81646 1.87295e-005
9915.72 2.81659 1.7142e-005
9835.14 2.81672 1.55876e-005
9755.87 2.81684 1.40712e-005
9677.86 2.81697 1.2598e-005
9601.09 2.8171 1.11732e-005
9525.52 2.81724 9.80236e-006
9451.14 2.81737 8.49133e-006
9377.91 2.81751 7.24614e-006
9305.81 2.81765 6.07308e-006
9234.8 2.81779 4.97875e-006
9164.88 2.81793 3.96998e-006
9096 2.81807 3.05391e-006
9028.15 2.81822 2.23799e-006
8961.3 2.81837 1.52995e-006
8895.44 2.81852 9.37857e-007
8830.54 2.81867 4.70091e-007
8766.58 2.81882 1.35385e-007
8703.54 2.81898 -5.71824e-008
8641.4 2.81914 -9.81657e-008
8580.14 2.8193 2.22552e-008
8519.74 2.81946 3.1429e-007
8460.19 2.81963 7.88552e-007
8401.46 2.81979 1.45607e-006
8343.55 2.81996 2.3283e-006
8286.42 2.82013 3.41716e-006
8230.08 2.82031 4.735e-006
8174.49 2.82048 6.29467e-006
8119.65 2.82066 8.1095e-006
8065.54 2.82084 1.01933e-005
8012.15 2.82103 1.25605e-005
7959.46 2.82121 1.5226e-005
7907.46 2.8214 1.82053e-005
7856.13 2.82159 2.15144e-005
7805.47 2.82178 2.51699e-005
7755.45 2.82198 2.91892e-005
7706.07 2.82218 3.35902e-005
7657.32 2.82238 3.83914e-005
7609.18 2.82259 4.36121e-005
7561.64 2.82279 4.92724e-005
7514.69 2.823 5.53928e-005
7468.32 2.82321 6.19948e-005
7422.52 2.82343 6.91008e-005
7377.28 2.82365 7.67337e-005
7332.58 2.82387 8.49174e-005
7288.43 2.82409 9.36766e-005
7244.8 2.82432 0.000103037
7201.69 2.82455 0.000113025
7159.09 2.82478 0.000123668
7117 2.82502 0.000134995
7075.39 2.82526 0.000147035
7034.27 2.8255 0.000159819
6993.63 2.82575 0.000173378
6953.45 2.826 0.000187744
6913.73 2.82625 0.000202953
6874.46 2.82651 0.000219038
6835.63 2.82677 0.000236036
6797.24 2.82704 0.000253985
6759.28 2.8273 0.000272923
6721.74 2.82757 0.00029289
6684.62 2.82785 0.000313928
6647.9 2.82813 0.00033608
6611.59 2.82841 0.00035939
6575.67 2.8287 0.000383904
6540.14 2.82899 0.000409669
6504.98 2.82928 0.000436735
6470.21 2.82958 0.000465153
6435.81 2.82988 0.000494974
6401.76 2.83019 0.000526253
6368.08 2.8305 0.000559045
6334.75 2.83082 0.00059341
6301.77 2.83114 0.000629406
6269.13 2.83146 0.000667095
6236.82 2.83179 0.000706542
6204.85 2.83212 0.000747811
6173.2 2.83246 0.000790971
6141.88 2.8328 0.000836093
6110.87 2.83315 0.000883248
6080.17 2.8335 0.000932512
6049.78 2.83386 0.000983962
6019.69 2.83422 0.00103768
5989.9 2.83458 0.00109374
5960.4 2.83495 0.00115224
5931.19 2.83533 0.00121326
5902.26 2.83571 0.00127689
5873.62 2.8361 0.00134322
5845.25 2.83649 0.00141235
5817.16 2.83689 0.00148439
5789.34 2.83729 0.00155943
5761.78 2.8377 0.00163757
5734.48 2.83812 0.00171894
5707.43 2.83853 0.00180363
5680.65 2.83896 0.00189177
5654.11 2.83939 0.00198347
5627.82 2.83983 0.00207885
5601.77 2.84027 0.00217805
5575.96 2.84072 0.00228119
5550.39 2.84117 0.00238841
5525.06 2.84164 0.00249985
5499.95 2.8421 0.00261564
5475.07 2.84258 0.00273593
5450.41 2.84306 0.00286088
5425.98 2.84354 0.00299063
5401.76 2.84403 0.00312536
5377.76 2.84453 0.00326521
5353.97 2.84504 0.00341036
5330.39 2.84555 0.00356099
5307.02 2.84607 0.00371727
5283.85 2.84659 0.00387938
5260.89 2.84712 0.00404751
5238.12 2.84766 0.00422185
5215.55 2.84821 0.00440261
5193.17 2.84876 0.00458998
5170.98 2.84932 0.00478417
5148.98 2.84989 0.00498541
5127.17 2.85046 0.0051939
5105.54 2.85104 0.00540987
5084.09 2.85163 0.00563356
5062.83 2.85222 0.00586519
5041.74 2.85282 0.00610502
5020.82 2.85343 0.0063533
5000.08 2.85405 0.00661026
4979.51 2.85467 0.00687619
4959.11 2.8553 0.00715134
4938.87 2.85594 0.00743598
4918.8 2.85658 0.00773039
4898.89 2.85723 0.00803487
4879.14 2.85789 0.00834969
4859.55 2.85855 0.00867517
4840.12 2.85923 0.00901159
4820.84 2.85991 0.00935928
4801.71 2.86059 0.00971854
4782.74 2.86129 0.0100897
4763.91 2.86199 0.0104731
4745.24 2.86269 0.0108691
4726.71 2.86341 0.0112779
4708.32 2.86413 0.0117
4690.07 2.86485 0.0121357
4671.97 2.86559 0.0125854
4654 2.86632 0.0130494
4636.18 2.86707 0.0135281
4618.49 2.86782 0.0140219
4600.93 2.86858 0.0145311
4583.51 2.86934 0.0150561
4566.21 2.87011 0.0155974
4549.05 2.87089 0.0161553
4532.02 2.87167 0.0167302
4515.11 2.87245 0.0173225
4498.33 2.87324 0.0179327
4481.67 2.87403 0.0185611
4465.14 2.87483 0.0192082
4448.73 2.87563 0.0198743
4432.43 2.87644 0.0205599
4416.26 2.87725 0.0212654
4400.21 2.87806 0.0219912
4384.27 2.87887 0.0227378
4368.44 2.87969 0.0235056
4352.73 2.88051 0.0242949
4337.13 2.88133 0.0251063
4321.65 2.88215 0.0259401
4306.27 2.88297 0.0267968
4291 2.88379 0.0276767
4275.85 2.88462 0.0285803
4260.79 2.88544 0.0295079
4245.85 2.88626 0.0304601
4231 2.88708 0.0314371
4216.26 2.88789 0.0324393
4201.63 2.8887 0.0334672
4187.09 2.88951 0.0345212
4172.66 2.89032 0.0356014
4158.32 2.89112 0.0367085
4144.08 2.89191 0.0378425
4129.94 2.8927 0.0390039
4115.9 2.89348 0.0401931
4101.95 2.89426 0.0414102
4088.09 2.89502 0.0426555
4074.33 2.89578 0.0439294
4060.66 2.89652 0.045232
4047.08 2.89726 0.0465636
4033.6 2.89798 0.0479243
4020.2 2.89869 0.0493144
4006.89 2.89939 0.050734
3993.67 2.90007 0.0521832
3980.53 2.90074 0.0536621
3967.49 2.90139 0.0551707
3954.52 2.90202 0.0567092
3941.64 2.90263 0.0582774
3928.85 2.90323 0.0598755
3916.14 2.9038 0.0615033
3903.51 2.90435 0.0631607
3890.96 2.90488 0.0648475
3878.49 2.90539 0.0665637
3866.1 2.90587 0.068309
3853.79 2.90632 0.0700831
3841.56 2.90675 0.0718858
3829.4 2.90715 0.0737166
3817.33 2.90752 0.0755753
3805.32 2.90786 0.0774613
3793.4 2.90817 0.0793743
3781.55 2.90844 0.0813136
3769.77 2.90868 0.0832788
3758.06 2.90889 0.0852691
3746.43 2.90906 0.087284
3734.87 2.90919 0.0893226
3723.38 2.90928 0.0913843
3711.96 2.90933 0.0934681
3700.61 2.90935 0.0955733
3689.33 2.90932 0.0976988
3678.12 2.90925 0.0998438
3666.97 2.90913 0.102007
3655.9 2.90897 0.104188
3644.89 2.90876 0.106385
3633.95 2.90851 0.108597
3623.07 2.90821 0.110822
3612.25 2.90786 0.11306
3601.51 2.90746 0.115309
3590.82 2.90701 0.117569
3580.2 2.90651 0.119836
3569.64 2.90596 0.12211
3559.14 2.90536 0.12439
3548.71 2.9047 0.126674
3538.33 2.90399 0.12896
3528.02 2.90322 0.131246
3517.76 2.9024 0.133532
3507.57 2.90153 0.135815
3497.43 2.9006 0.138093
3487.36 2.89962 0.140366
3477.34 2.89858 0.142631
3467.38 2.89748 0.144886
3457.47 2.89633 0.14713
3447.62 2.89513 0.14936
3437.83 2.89387 0.151576
3428.09 2.89255 0.153775
3418.41 2.89118 0.155955
3408.78 2.88975 0.158115
3399.21 2.88827 0.160252
3389.69 2.88673 0.162366
3380.22 2.88514 0.164453
3370.81 2.8835 0.166513
3361.45 2.88181 0.168543
3352.14 2.88006 0.170542
3342.88 2.87827 0.172509
3333.67 2.87642 0.174441
3324.51 2.87453 0.176336
3315.41 2.87259 0.178194
3306.35 2.8706 0.180012
3297.34 2.86857 0.181789
3288.38 2.86649 0.183524
3279.47 2.86437 0.185215
3270.61 2.86221 0.18686
3261.8 2.86001 0.188459
3253.03 2.85777 0.190011
3244.31 2.8555 0.191513
3235.64 2.85318 0.192964
3227.01 2.85084 0.194365
3218.43 2.84846 0.195712
3209.89 2.84605 0.197007
3201.4 2.84362 0.198247
3192.96 2.84115 0.199433
3184.56 2.83866 0.200562
3176.2 2.83615 0.201635
3167.89 2.83362 0.202651
3159.62 2.83107 0.203609
3151.39 2.82849 0.20451
3143.2 2.82591 0.205352
3135.06 2.82331 0.206135
3126.96 2.82069 0.206859
3118.91 2.81807 0.207525
3110.89 2.81543 0.208131
3102.91 2.8128 0.208678
3094.98 2.81015 0.209165
3087.09 2.8075 0.209594
3079.23 2.80486 0.209965
3071.42 2.80221 0.210276
3063.64 2.79956 0.21053
3055.91 2.79692 0.210726
3048.21 2.79429 0.210865
3040.55 2.79166 0.210947
3032.93 2.78904 0.210973
3025.35 2.78643 0.210943
3017.81 2.78383 0.210859
3010.3 2.78125 0.210721
3002.84 2.77868 0.210529
2995.4 2.77613 0.210286
2988.01 2.7736 0.20999
2980.65 2.77109 0.209645
2973.33 2.7686 0.209249
2966.04 2.76613 0.208806
2958.79 2.76368 0.208314
2951.57 2.76126 0.207777
2944.39 2.75886 0.207193
2937.25 2.75649 0.206566
2930.14 2.75414 0.205896
2923.06 2.75183 0.205184
2916.02 2.74954 0.204431
2909.01 2.74729 0.203639
2902.04 2.74506 0.202808
2895.09 2.74287 0.20194
2888.19 2.7407 0.201037
2881.31 2.73858 0.200099
2874.47 2.73648 0.199128
2867.66 2.73442 0.198124
2860.88 2.73239 0.19709
2854.13 2.7304 0.196026
2847.42 2.72844 0.194934
2840.73 2.72652 0.193815
2834.08 2.72463 0.19267
2827.46 2.72278 0.1915
2820.87 2.72097 0.190307
2814.31 2.71919 0.189091
2807.78 2.71745 0.187854
2801.28 2.71574 0.186598
2794.82 2.71408 0.185322
2788.38 2.71244 0.184029
2781.97 2.71085 0.182719
2775.59 2.70929 0.181394
2769.24 2.70777 0.180055
2762.92 2.70628 0.178702
2756.62 2.70483 0.177336
2750.36 2.70342 0.175959
2744.12 2.70204 0.174572
2737.92 2.7007 0.173176
2731.74 2.69939 0.171771
2725.58 2.69811 0.170359
2719.46 2.69688 0.16894
2713.36 2.69567 0.167515
2707.29 2.6945 0.166085
2701.25 2.69336 0.164651
2695.24 2.69226 0.163213
2689.25 2.69119 0.161773
2683.29 2.69015 0.160331
2677.35 2.68914 0.158888
2671.44 2.68817 0.157444
2665.56 2.68722 0.156001
2659.7 2.68631 0.154558
2653.87 2.68542 0.153117
2648.06 2.68457 0.151678
2642.28 2.68375 0.150242
2636.53 2.68295 0.148808
2630.79 2.68218 0.147379
2625.09 2.68144 0.145953
2619.41 2.68073 0.144533
2613.75 2.68004 0.143117
2608.12 2.67938 0.141707
2602.51 2.67875 0.140303
2596.93 2.67814 0.138905
2591.37 2.67755 0.137514
2585.83 2.67699 0.13613
2580.32 2.67646 0.134753
2574.83 2.67594 0.133384
2569.36 2.67545 0.132024
2563.92 2.67499 0.130671
2558.5 2.67454 0.129327
2553.1 2.67412 0.127992
2547.73 2.67371 0.126667
2542.38 2.67333 0.12535
2537.05 2.67296 0.124043
2531.74 2.67262 0.122746
2526.45 2.67229 0.121459
2521.19 2.67199 0.120181
2515.95 2.6717 0.118914
2510.73 2.67143 0.117657
2505.53 2.67117 0.116411
2500.36 2.67094 0.115176
2495.2 2.67072 0.113951
2490.07 2.67051 0.112737
2484.96 2.67032 0.111533
2479.87 2.67015 0.110341
2474.8 2.66999 0.10916
2469.75 2.66984 0.10799
2464.72 2.66971 0.10683
2459.71 2.66959 0.105682
2454.72 2.66949 0.104546
2449.75 2.66939 0.10342
2444.8 2.66932 0.102306
2439.87 2.66925 0.101203
2434.96 2.66919 0.100111
2430.08 2.66915 0.0990302
2425.21 2.66911 0.0979608
2420.36 2.66909 0.0969026
2415.53 2.66908 0.0958555
2410.71 2.66908 0.0948196
2405.92 2.66908 0.0937948
2401.15 2.6691 0.092781
2396.4 2.66913 0.0917783
2391.66 2.66916 0.0907866
2386.94 2.66921 0.0898058
2382.25 2.66926 0.0888359
2377.57 2.66932 0.0878768
2372.9 2.66939 0.0869285
2368.26 2.66946 0.0859909
2363.64 2.66955 0.0850639
2359.03 2.66964 0.0841475
2354.44 2.66973 0.0832416
2349.87 2.66984 0.0823461
2345.32 2.66995 0.0814609
2340.78 2.67006 0.080586
2336.26 2.67019 0.0797213
2331.76 2.67031 0.0788667
2327.28 2.67045 0.0780221
2322.81 2.67059 0.0771875
2318.36 2.67073 0.0763627
2313.93 2.67088 0.0755476
2309.51 2.67103 0.0747422
2305.12 2.67119 0.0739464
2300.73 2.67136 0.0731601
2296.37 2.67152 0.0723832
2292.02 2.67169 0.0716156
2287.69 2.67187 0.0708573
2283.37 2.67205 0.070108
2279.07 2.67223 0.0693678
2274.79 2.67242 0.0686365
2270.52 2.67261 0.0679141
2266.27 2.6728 0.0672004
2262.03 2.67299 0.0664953
2257.81 2.67319 0.0657989
2253.61 2.6734 0.0651108
2249.42 2.6736 0.0644312
2245.25 2.67381 0.0637599
2241.09 2.67402 0.0630967
2236.95 2.67423 0.0624416
2232.82 2.67444 0.0617946
2228.71 2.67466 0.0611554
2224.61 2.67487 0.060524
2220.53 2.67509 0.0599004
2216.47 2.67532 0.0592844
2212.42 2.67554 0.058676
2208.38 2.67576 0.058075
2204.36 2.67599 0.0574813
