24176.8 2.59141 0
23703.3 2.62002 0
23248 2.64578 0
22809.9 2.66795 0
22388 2.6863 0
21981.4 2.70113 0
21589.3 2.71285 0
21210.9 2.7219 0
20845.6 2.7287 0
20492.7 2.73364 0
20151.5 2.73698 0
19821.4 2.73905 0
19502.1 2.74006 0
19192.8 2.7402 0
18893.2 2.73965 0
18602.8 2.73857 0
18321.2 2.73708 0
18048 2.73528 0
17782.8 2.73329 0
17525.4 2.73116 0
17275.2 2.72898 0
17032.1 2.7268 0
16795.8 2.72467 0
16565.9 2.72262 0
16342.2 2.72071 0
16124.5 2.71894 0
15912.5 2.71735 0
15706 2.71596 0
15504.8 2.71478 0
15308.7 2.71382 0
15117.5 2.7131 0
14931 2.7126 0
14749 2.71233 0
14571.5 2.71228 0
14398.1 2.71244 0
14228.8 2.7128 0
14063.5 2.71334 0
13902 2.71403 0
13744.1 2.71486 0
13589.8 2.71581 0
13438.9 2.71685 0
13291.3 2.71797 0
13146.9 2.71914 0
13005.7 2.72035 0
12867.4 2.72159 0
12732 2.72284 0
12599.5 2.72409 0
12469.7 2.72534 0
12342.5 2.72658 0
12217.9 2.7278 0
12095.8 2.72902 0
11976.1 2.73021 0
11858.8 2.73139 0
11743.7 2.73255 0
11630.9 2.7337 0
11520.2 2.73484 0
11411.6 2.73597 0
11305 2.73709 0
11200.4 2.73821 0
11097.7 2.73932 0
10996.8 2.74044 0
10897.8 2.74156 0
10800.6 2.74268 0
10705 2.74381 0
10611.2 2.74496 0
10519 2.74611 0
10428.3 2.74728 0
10339.2 2.74846 0
10251.7 2.74965 0
10165.6 2.75086 0
10080.9 2.75208 0
9997.62 2.75331 0
9915.72 2.75456 0
9835.14 2.75583 0
9755.87 2.75711 0
9677.86 2.7584 0
9601.09 2.7597 0
9525.52 2.76102 0
9451.14 2.76235 0
9377.91 2.76369 0
9305.81 2.76505 0
9234.8 2.76642 0
9164.88 2.7678 0
9096 2.76919 0
9028.15 2.7706 0
8961.3 2.77202 0
8895.44 2.77346 0
8830.54 2.77491 0
8766.58 2.77638 0
8703.54 2.77786 0
8641.4 2.77937 0
8580.14 2.78089 0
8519.74 2.78243 0
8460.19 2.78399 0
8401.46 2.78556 0
8343.55 2.78717 0
8286.42 2.78879 0
8230.08 2.79044 0
8174.49 2.79211 0
8119.65 2.79381 0
8065.54 2.79553 0
8012.15 2.79727 0
7959.46 2.79905 0
7907.46 2.80084 0
7856.13 2.80267 0
7805.47 2.80451 0
7755.45 2.80641 0
7706.07 2.8083 0
7657.32 2.81025 0
7609.18 2.81221 0
7561.64 2.81421 0
7514.69 2.81623 0
7468.32 2.8183 0
7422.52 2.82038 0
7377.28 2.8225 0
7332.58 2.82465 0
7288.43 2.82683 0
7244.8 2.82905 0
7201.69 2.83128 0
7159.09 2.83358 0
7117 2.83589 0
7075.39 2.83824 0
7034.27 2.84063 0
6993.63 2.84303 0
6953.45 2.84551 0
6913.73 2.84798 0
6874.46 2.85052 0
6835.63 2.85309 0
6797.24 2.85566 0
6759.28 2.85833 0
6721.74 2.861 0
6684.62 2.86372 0
6647.9 2.86649 0
6611.59 2.86927 0
6575.67 2.87213 0
6540.14 2.87503 0
6504.98 2.87792 0
6470.21 2.88093 0
6435.81 2.88395 0
6401.76 2.88697 0
6368.08 2.89013 0
6334.75 2.89329 0
6301.77 2.89644 0
6269.13 2.89975 0
6236.82 2.90306 0
6204.85 2.90636 0
6173.2 2.90981 0
6141.88 2.91327 0
6110.87 2.91674 0
6080.17 2.92031 0
6049.78 2.92395 0
6019.69 2.92758 0
5989.9 2.93128 0
5960.4 2.9351 0
5931.19 2.93891 0
5902.26 2.94272 0
5873.62 2.94671 0
5845.25 2.95071 0
5817.16 2.95471 0
5789.34 2.95878 0
5761.78 2.96298 0
5734.48 2.96717 0
5707.43 2.97135 0
5680.65 2.97568 0
5654.11 2.98006 0
5627.82 2.98443 0
5601.77 2.9888 0
5575.96 2.99336 0
5550.39 2.99792 0
5525.06 3.00248 0
5499.95 3.00703 0
5475.07 3.01177 0
5450.41 3.01651 0
5425.98 3.02124 0
5401.76 3.02596 0
5377.76 3.03084 0
5353.97 3.03571 0
5330.39 3.04058 0
5307.02 3.04544 0
5283.85 3.05041 0
5260.89 3.05541 0
5238.12 3.06041 0
5215.55 3.0654 0
5193.17 3.07041 0
5170.98 3.07547 0
5148.98 3.08053 0
5127.17 3.08557 0
5105.54 3.09061 0
5084.09 3.09569 0
5062.83 3.10077 0
5041.74 3.10585 0
5020.82 3.11092 0
5000.08 3.11599 0
4979.51 3.12101 0
4959.11 3.12602 0
4938.87 3.13102 0
4918.8 3.13602 0
4898.89 3.141 0
4879.14 3.14589 0
4859.55 3.15077 0
4840.12 3.15565 0
4820.84 3.16051 0
4801.71 3.16537 0
4782.74 3.17004 0
4763.91 3.17468 0
4745.24 3.17932 0
4726.71 3.18395 0
4708.32 3.18857 0
4690.07 3.19303 0
4671.97 3.19734 0
4654 3.20165 0
4636.18 3.20595 0
4618.49 3.21024 0
4600.93 3.21453 0
4583.51 3.21843 0
4566.21 3.22231 0
4549.05 3.22618 0
4532.02 3.23005 0
4515.11 3.23391 0
4498.33 3.23772 0
4481.67 3.24104 0
4465.14 3.24436 0
4448.73 3.24767 0
4432.43 3.25098 0
4416.26 3.25429 0
4400.21 3.25759 0
4384.27 3.26028 0
4368.44 3.26295 0
4352.73 3.26562 0
4337.13 3.26829 0
4321.65 3.27095 0
4306.27 3.27361 0
4291 3.27583 0
4275.85 3.27774 0
4260.79 3.27965 0
4245.85 3.28155 0
4231 3.28346 0
4216.26 3.28536 0
4201.63 3.28726 0
4187.09 3.28843 0
4172.66 3.28949 0
4158.32 3.29056 0
4144.08 3.29163 0
4129.94 3.29269 0
4115.9 3.29376 0
4101.95 3.29482 0
4088.09 3.2951 0
4074.33 3.29525 0
4060.66 3.2954 0
4047.08 3.29555 0
4033.6 3.2957 0
4020.2 3.29586 0
4006.89 3.29601 0
3993.67 3.29569 0
3980.53 3.29486 0
3967.49 3.29404 0
3954.52 3.29321 0
3941.64 3.29238 0
3928.85 3.29156 0
3916.14 3.29073 0
3903.51 3.2899 0
3890.96 3.28836 0
3878.49 3.28654 0
3866.1 3.28472 0
3853.79 3.2829 0
3841.56 3.28108 0
3829.4 3.27926 0
3817.33 3.27743 0
3805.32 3.27561 0
3793.4 3.27323 0
3781.55 3.2704 0
3769.77 3.26757 0
3758.06 3.26474 0
3746.43 3.26191 0
3734.87 3.25907 0
3723.38 3.25623 0
3711.96 3.25339 0
3700.61 3.25055 0
3689.33 3.2468 0
3678.12 3.24299 0
3666.97 3.23918 0
3655.9 3.23536 0
3644.89 3.23155 0
3633.95 3.22772 0
3623.07 3.22389 0
3612.25 3.22006 0
3601.51 3.21622 0
3590.82 3.21162 0
3580.2 3.20688 0
3569.64 3.20214 0
3559.14 3.19739 0
3548.71 3.19263 0
3538.33 3.18787 0
3528.02 3.1831 0
3517.76 3.17832 0
3507.57 3.17354 0
3497.43 3.16854 0
3487.36 3.16295 0
3477.34 3.15734 0
3467.38 3.15172 0
3457.47 3.14609 0
3447.62 3.14046 0
3437.83 3.13481 0
3428.09 3.12915 0
3418.41 3.12348 0
3408.78 3.1178 0
3399.21 3.11206 0
3389.69 3.10572 0
3380.22 3.09937 0
3370.81 3.093 0
3361.45 3.08662 0
3352.14 3.08022 0
3342.88 3.07381 0
3333.67 3.06739 0
3324.51 3.06096 0
3315.41 3.05451 0
3306.35 3.04805 0
3297.34 3.04142 0
3288.38 3.03441 0
3279.47 3.02738 0
3270.61 3.02034 0
3261.8 3.01328 0
3253.03 3.00621 0
3244.31 2.99912 0
3235.64 2.99201 0
3227.01 2.98488 0
3218.43 2.97774 0
3209.89 2.97058 0
3201.4 2.9634 0
3192.96 2.95595 0
3184.56 2.94843 0
3176.2 2.94089 0
3167.89 2.93334 0
3159.62 2.92576 0
3151.39 2.91816 0
3143.2 2.91054 0
3135.06 2.90291 0
3126.96 2.89525 0
3118.91 2.88757 0
3110.89 2.87987 0
3102.91 2.87216 0
3094.98 2.86432 0
3087.09 2.85641 0
3079.23 2.84847 0
3071.42 2.84052 0
3063.64 2.83254 0
3055.91 2.82453 0
3048.21 2.81651 0
3040.55 2.80846 0
3032.93 2.80039 0
3025.35 2.7923 0
3017.81 2.78418 0
3010.3 2.77604 0
3002.84 2.76787 0
2995.4 2.75973 0
2988.01 2.75159 0
2980.65 2.74343 0
2973.33 2.73524 0
2966.04 2.72703 0
2958.79 2.7188 0
2951.57 2.71054 0
2944.39 2.70225 0
2937.25 2.69394 0
2930.14 2.6856 0
2923.06 2.67724 0
2916.02 2.66885 0
2909.01 2.66043 0
2902.04 2.65199 0
2895.09 2.6437 0
2888.19 2.63546 0
2881.31 2.6272 0
2874.47 2.61891 0
2867.66 2.61059 0
2860.88 2.60225 0
2854.13 2.59388 0
2847.42 2.58548 0
2840.73 2.57705 0
2834.08 2.5686 0
2827.46 2.56012 0
2820.87 2.55161 0
2814.31 2.54308 0
2807.78 2.53451 0
2801.28 2.52592 0
2794.82 2.51766 0
2788.38 2.50946 0
2781.97 2.50124 0
2775.59 2.49299 0
2769.24 2.48471 0
2762.92 2.4764 0
2756.62 2.46807 0
2750.36 2.45971 0
2744.12 2.45132 0
2737.92 2.4429 0
2731.74 2.43445 0
2725.58 2.42597 0
2719.46 2.41747 0
2713.36 2.40893 0
2707.29 2.40036 0
2701.25 2.39176 0
2695.24 2.38363 0
2689.25 2.37561 0
2683.29 2.36755 0
2677.35 2.35947 0
2671.44 2.35136 0
2665.56 2.34322 0
2659.7 2.33506 0
2653.87 2.32686 0
2648.06 2.31864 0
2642.28 2.31038 0
2636.53 2.3021 0
2630.79 2.29379 0
2625.09 2.28545 0
2619.41 2.27707 0
2613.75 2.26867 0
2608.12 2.26023 0
2602.51 2.25176 0
2596.93 2.2437 0
2591.37 2.23596 0
2585.83 2.22819 0
2580.32 2.2204 0
2574.83 2.21258 0
2569.36 2.20473 0
2563.92 2.19685 0
2558.5 2.18894 0
2553.1 2.18101 0
2547.73 2.17304 0
2542.38 2.16505 0
2537.05 2.15703 0
2531.74 2.14898 0
2526.45 2.14089 0
2521.19 2.13278 0
2515.95 2.12464 0
2510.73 2.11646 0
2505.53 2.10825 0
2500.36 2.10001 0
2495.2 2.09261 0
2490.07 2.08525 0
2484.96 2.07786 0
2479.87 2.07045 0
2474.8 2.06301 0
2469.75 2.05554 0
2464.72 2.04805 0
2459.71 2.04053 0
2454.72 2.03298 0
2449.75 2.0254 0
2444.8 2.01779 0
2439.87 2.01015 0
2434.96 2.00249 0
2430.08 1.9948 0
2425.21 1.98707 0
2420.36 1.97932 0
2415.53 1.97153 0
2410.71 1.96372 0
2405.92 1.95587 0
2401.15 1.94799 0
2396.4 1.94088 0
2391.66 1.93399 0
2386.94 1.92707 0
2382.25 1.92014 0
2377.57 1.91317 0
2372.9 1.90618 0
2368.26 1.89917 0
2363.64 1.89213 0
2359.03 1.88506 0
2354.44 1.87796 0
2349.87 1.87084 0
2345.32 1.8637 0
2340.78 1.85652 0
2336.26 1.84932 0
2331.76 1.84209 0
2327.28 1.83483 0
2322.81 1.82754 0
2318.36 1.82022 0
2313.93 1.81287 0
2309.51 1.80549 0
2305.12 1.79809 0
2300.73 1.79065 0
2296.37 1.78412 0
2292.02 1.77775 0
2287.69 1.77137 0
2283.37 1.76496 0
2279.07 1.75852 0
2274.79 1.75207 0
2270.52 1.74559 0
2266.27 1.73908 0
2262.03 1.73255 0
2257.81 1.726 0
2253.61 1.71942 0
2249.42 1.71282 0
2245.25 1.70619 0
2241.09 1.69953 0
2236.95 1.69285 0
2232.82 1.68614 0
2228.71 1.67941 0
2224.61 1.67264 0
2220.53 1.66586 0
2216.47 1.65904 0
2212.42 1.65219 0
2208.38 1.64532 0
2204.36 1.63842 0
