12000 2.75418 9.15259e-010
11614.5 2.75727 9.49473e-010
11253 2.76048 9.8409e-010
10913.4 2.76381 1.01913e-009
10593.6 2.76725 1.0546e-009
10292.1 2.77081 1.09054e-009
10007.2 2.77449 1.12695e-009
9737.7 2.77829 1.16386e-009
9482.33 2.78221 1.20128e-009
9240 2.78626 1.23925e-009
9009.75 2.79044 1.27777e-009
8790.7 2.79474 1.31688e-009
8582.04 2.79918 1.35659e-009
8383.06 2.80375 1.39693e-009
8193.1 2.80845 1.43793e-009
8011.56 2.8133 1.4796e-009
7837.89 2.81828 1.52199e-009
7671.59 2.8234 1.56511e-009
7512.2 2.82867 1.609e-009
7359.29 2.83408 1.65368e-009
7212.49 2.83964 1.69918e-009
7071.43 2.84536 1.74555e-009
6935.78 2.85123 1.7928e-009
6805.24 2.85726 1.84099e-009
6679.52 2.86345 1.89013e-009
6558.36 2.86981 1.94028e-009
6441.52 2.87633 1.99147e-009
6328.77 2.88303 2.04374e-009
6219.9 2.8899 2.09714e-009
6114.71 2.89695 2.15172e-009
6013.02 2.90418 2.2075e-009
5914.65 2.9116 2.26456e-009
5819.45 2.91922 2.32294e-009
5727.27 2.92703 2.38269e-009
5637.97 2.93503 2.44387e-009
5551.4 2.94325 2.50654e-009
5467.46 2.95167 2.57077e-009
5386.01 2.96032 2.63661e-009
5306.96 2.96918 2.70414e-009
5230.19 2.97827 2.77342e-009
5155.61 2.98759 2.84454e-009
5083.13 2.99715 2.91758e-009
5012.66 3.00696 2.99261e-009
4944.11 3.01702 3.06973e-009
4877.42 3.02734 3.14903e-009
4812.5 3.03792 3.2306e-009
4749.29 3.04878 3.31456e-009
4687.71 3.05993 3.40101e-009
4627.71 3.07136 3.49006e-009
4569.23 3.0831 3.58185e-009
4512.21 3.09514 3.67649e-009
4456.59 3.1075 3.77413e-009
4402.33 3.1202 3.87492e-009
4349.37 3.13323 3.979e-009
4297.67 3.14661 4.08655e-009
4247.19 3.16036 4.19773e-009
4197.88 3.17448 4.31273e-009
4149.7 3.18899 4.43175e-009
4102.61 3.2039 4.555e-009
4056.59 3.21923 4.68271e-009
4011.58 3.23499 4.81512e-009
3967.56 3.2512 4.95248e-009
3924.49 3.26787 5.09506e-009
3882.35 3.28502 5.24316e-009
3841.11 3.30268 5.3971e-009
3800.73 3.32085 5.55722e-009
3761.19 3.33957 5.72387e-009
3722.47 3.35886 5.89746e-009
3684.54 3.37873 6.07839e-009
3647.37 3.39921 6.26713e-009
3610.94 3.42034 6.46416e-009
3575.24 3.44213 6.67002e-009
3540.23 3.46462 6.88528e-009
3505.9 3.48784 7.11057e-009
3472.23 3.51183 7.34655e-009
3439.21 3.53662 7.59398e-009
3406.8 3.56225 7.85363e-009
3375 3.58877 8.1264e-009
3343.79 3.61621 8.41324e-009
3313.15 3.64463 8.71519e-009
3283.06 3.67408 9.03341e-009
3253.52 3.70461 9.36915e-009
3224.51 3.73629 9.7238e-009
3196 3.76918 1.00989e-008
3168 3.80335 1.04962e-008
3140.48 3.83888 1.09174e-008
3113.44 3.87584 1.13648e-008
3086.86 3.91434 1.18407e-008
3060.73 3.95447 1.23476e-008
3035.04 3.99634 1.28884e-008
3009.77 4.04007 1.34666e-008
2984.92 4.08578 1.40856e-008
2960.48 4.13361 1.47497e-008
2936.44 4.18374 1.54637e-008
2912.78 4.23632 1.6233e-008
2889.51 4.29156 1.70636e-008
2866.6 4.34966 1.79627e-008
2844.05 4.41087 1.89384e-008
2821.85 4.47547 2.00003e-008
2800 4.54374 2.11591e-008
