11991.7 2.72873 5.63476e-005
11950.5 2.72906 5.69743e-005
11909.6 2.72939 5.76061e-005
11869 2.72972 5.82431e-005
11828.6 2.73005 5.88852e-005
11788.5 2.73039 5.95324e-005
11748.7 2.73072 6.01849e-005
11709.2 2.73106 6.08427e-005
11669.9 2.73139 6.15057e-005
11630.9 2.73173 6.2174e-005
11592.1 2.73207 6.28476e-005
11553.6 2.73241 6.35266e-005
11515.4 2.73276 6.4211e-005
11477.4 2.7331 6.49008e-005
11439.7 2.73345 6.55961e-005
11402.2 2.73379 6.62969e-005
11364.9 2.73414 6.70032e-005
11327.9 2.73449 6.7715e-005
11291.1 2.73484 6.84325e-005
11254.6 2.73519 6.91555e-005
11218.3 2.73555 6.98842e-005
11182.3 2.7359 7.06186e-005
11146.4 2.73626 7.13587e-005
11110.8 2.73662 7.21045e-005
11075.5 2.73698 7.28561e-005
11040.3 2.73734 7.36135e-005
11005.4 2.7377 7.43768e-005
10970.7 2.73807 7.51459e-005
10936.2 2.73843 7.5921e-005
10901.9 2.7388 7.67019e-005
10867.9 2.73917 7.74889e-005
10834 2.73954 7.82819e-005
10800.4 2.73991 7.90809e-005
10767 2.74028 7.9886e-005
10733.8 2.74066 8.06973e-005
10700.7 2.74103 8.15147e-005
10667.9 2.74141 8.23382e-005
10635.3 2.74179 8.3168e-005
10602.9 2.74217 8.4004e-005
10570.7 2.74255 8.48464e-005
10538.7 2.74293 8.5695e-005
10506.8 2.74332 8.65501e-005
10475.2 2.74371 8.74115e-005
10443.8 2.74409 8.82793e-005
10412.5 2.74448 8.91537e-005
10381.4 2.74487 9.00345e-005
10350.5 2.74526 9.09219e-005
10319.8 2.74566 9.18159e-005
10289.3 2.74605 9.27164e-005
10259 2.74645 9.36237e-005
10228.8 2.74685 9.45376e-005
10198.8 2.74725 9.54583e-005
10169 2.74765 9.63858e-005
10139.4 2.74805 9.732e-005
10109.9 2.74846 9.82611e-005
10080.6 2.74886 9.92091e-005
10051.5 2.74927 0.000100164
10022.5 2.74968 0.000101126
9993.75 2.75009 0.000102095
9965.12 2.7505 0.000103071
9936.66 2.75092 0.000104054
9908.36 2.75133 0.000105044
9880.22 2.75175 0.000106041
9852.24 2.75217 0.000107046
9824.42 2.75259 0.000108058
9796.75 2.75301 0.000109077
9769.24 2.75343 0.000110103
9741.89 2.75386 0.000111137
9714.69 2.75428 0.000112178
9687.63 2.75471 0.000113227
9660.73 2.75514 0.000114283
9633.98 2.75557 0.000115346
9607.38 2.756 0.000116418
9580.92 2.75644 0.000117497
9554.6 2.75687 0.000118583
9528.44 2.75731 0.000119677
9502.41 2.75775 0.000120779
9476.53 2.75819 0.000121889
9450.78 2.75863 0.000123007
9425.18 2.75908 0.000124132
9399.71 2.75952 0.000125266
9374.39 2.75997 0.000126407
9349.19 2.76042 0.000127557
9324.14 2.76087 0.000128714
9299.21 2.76132 0.00012988
9274.42 2.76178 0.000131054
9249.76 2.76223 0.000132236
9225.24 2.76269 0.000133426
9200.84 2.76315 0.000134625
9176.57 2.76361 0.000135832
9152.43 2.76407 0.000137047
9128.41 2.76453 0.000138271
9104.52 2.765 0.000139503
9080.76 2.76547 0.000140744
9057.12 2.76594 0.000141994
9033.6 2.76641 0.000143252
9010.21 2.76688 0.000144518
8986.93 2.76735 0.000145794
8963.77 2.76783 0.000147078
8940.74 2.76831 0.000148371
8917.82 2.76879 0.000149673
8895.02 2.76927 0.000150984
8872.33 2.76975 0.000152304
8849.77 2.77024 0.000153633
8827.31 2.77072 0.000154971
8804.97 2.77121 0.000156319
8782.74 2.7717 0.000157675
8760.63 2.77219 0.000159041
8738.62 2.77268 0.000160416
8716.73 2.77318 0.0001618
8694.94 2.77368 0.000163194
8673.26 2.77417 0.000164597
8651.69 2.77467 0.00016601
8630.23 2.77518 0.000167432
8608.88 2.77568 0.000168864
8587.63 2.77619 0.000170305
8566.48 2.77669 0.000171757
8545.44 2.7772 0.000173218
8524.5 2.77771 0.000174689
8503.66 2.77823 0.00017617
8482.93 2.77874 0.000177661
8462.29 2.77926 0.000179162
8441.76 2.77978 0.000180673
8421.33 2.7803 0.000182194
8400.99 2.78082 0.000183725
8380.75 2.78134 0.000185267
8360.61 2.78187 0.000186818
8340.57 2.7824 0.000188381
8320.62 2.78293 0.000189953
8300.77 2.78346 0.000191537
8281.01 2.78399 0.00019313
8261.35 2.78453 0.000194735
8241.77 2.78506 0.00019635
8222.3 2.7856 0.000197975
8202.91 2.78614 0.000199612
8183.61 2.78669 0.000201259
8164.41 2.78723 0.000202918
8145.29 2.78778 0.000204587
8126.27 2.78833 0.000206268
8107.33 2.78888 0.000207959
8088.48 2.78943 0.000209662
8069.72 2.78998 0.000211376
8051.04 2.79054 0.000213101
8032.45 2.7911 0.000214838
8013.95 2.79166 0.000216586
7995.53 2.79222 0.000218345
7977.2 2.79279 0.000220116
7958.95 2.79335 0.000221899
7940.78 2.79392 0.000223694
7922.7 2.79449 0.0002255
7904.7 2.79506 0.000227318
7886.78 2.79564 0.000229148
7868.94 2.79621 0.00023099
7851.18 2.79679 0.000232845
7833.5 2.79737 0.000234711
7815.91 2.79795 0.000236589
7798.39 2.79854 0.00023848
7780.94 2.79912 0.000240383
7763.58 2.79971 0.000242299
7746.29 2.8003 0.000244227
7729.08 2.80089 0.000246167
7711.95 2.80149 0.000248121
7694.89 2.80208 0.000250086
7677.91 2.80268 0.000252065
7661 2.80328 0.000254057
7644.17 2.80388 0.000256061
7627.41 2.80449 0.000258079
7610.73 2.8051 0.00026011
7594.11 2.8057 0.000262153
7577.57 2.80632 0.00026421
7561.1 2.80693 0.000266281
7544.71 2.80754 0.000268365
7528.38 2.80816 0.000270462
7512.12 2.80878 0.000272573
7495.94 2.8094 0.000274697
7479.82 2.81003 0.000276835
7463.77 2.81065 0.000278987
7447.8 2.81128 0.000281153
7431.89 2.81191 0.000283333
7416.04 2.81254 0.000285527
7400.27 2.81318 0.000287735
7384.56 2.81381 0.000289958
7368.92 2.81445 0.000292194
7353.34 2.81509 0.000294445
7337.83 2.81574 0.000296711
7322.39 2.81638 0.000298991
7307.01 2.81703 0.000301286
7291.7 2.81768 0.000303595
7276.45 2.81833 0.000305919
7261.26 2.81899 0.000308259
7246.13 2.81964 0.000310613
7231.07 2.8203 0.000312982
7216.07 2.82096 0.000315367
7201.14 2.82163 0.000317767
7186.26 2.82229 0.000320182
7171.45 2.82296 0.000322612
7156.7 2.82363 0.000325059
7142 2.82431 0.000327521
7127.37 2.82498 0.000329998
7112.8 2.82566 0.000332492
7098.29 2.82634 0.000335001
7083.84 2.82702 0.000337527
7069.44 2.8277 0.000340068
7055.1 2.82839 0.000342626
7040.83 2.82908 0.0003452
7026.61 2.82977 0.000347791
7012.44 2.83047 0.000350398
6998.34 2.83116 0.000353022
6984.29 2.83186 0.000355663
6970.29 2.83256 0.00035832
6956.36 2.83327 0.000360994
6942.47 2.83397 0.000363686
6928.65 2.83468 0.000366394
6914.88 2.83539 0.00036912
6901.16 2.8361 0.000371863
6887.5 2.83682 0.000374624
6873.89 2.83754 0.000377402
6860.33 2.83826 0.000380198
6846.83 2.83898 0.000383011
6833.38 2.83971 0.000385843
6819.99 2.84043 0.000388693
6806.64 2.84116 0.00039156
6793.35 2.8419 0.000394446
6780.11 2.84263 0.000397351
6766.93 2.84337 0.000400273
6753.79 2.84411 0.000403215
6740.7 2.84486 0.000406175
6727.67 2.8456 0.000409154
6714.68 2.84635 0.000412151
6701.75 2.8471 0.000415168
6688.86 2.84785 0.000418204
6676.03 2.84861 0.00042126
6663.24 2.84937 0.000424334
6650.5 2.85013 0.000427428
6637.81 2.85089 0.000430542
6625.17 2.85166 0.000433676
6612.58 2.85243 0.000436829
6600.04 2.8532 0.000440003
6587.54 2.85398 0.000443197
6575.09 2.85475 0.000446411
6562.69 2.85553 0.000449645
6550.33 2.85632 0.0004529
6538.02 2.8571 0.000456175
6525.76 2.85789 0.000459472
6513.54 2.85868 0.000462789
6501.37 2.85947 0.000466127
6489.24 2.86027 0.000469487
6477.16 2.86107 0.000472868
6465.12 2.86187 0.00047627
6453.13 2.86267 0.000479694
6441.18 2.86348 0.000483139
6429.28 2.86429 0.000486607
6417.42 2.8651 0.000490096
6405.6 2.86592 0.000493608
6393.83 2.86674 0.000497142
6382.1 2.86756 0.000500698
6370.41 2.86838 0.000504277
6358.77 2.86921 0.000507878
6347.17 2.87004 0.000511503
6335.61 2.87087 0.00051515
6324.09 2.87171 0.000518821
6312.62 2.87255 0.000522515
6301.19 2.87339 0.000526232
6289.79 2.87423 0.000529973
6278.44 2.87508 0.000533738
6267.13 2.87593 0.000537527
6255.86 2.87678 0.00054134
6244.63 2.87764 0.000545177
6233.44 2.8785 0.000549038
6222.3 2.87936 0.000552924
6211.19 2.88023 0.000556835
6200.12 2.88109 0.00056077
6189.09 2.88197 0.000564731
6178.1 2.88284 0.000568717
6167.15 2.88372 0.000572728
6156.23 2.8846 0.000576764
6145.36 2.88548 0.000580826
6134.52 2.88637 0.000584915
6123.72 2.88726 0.000589029
6112.96 2.88815 0.000593169
6102.24 2.88905 0.000597336
6091.56 2.88994 0.000601529
6080.91 2.89085 0.000605749
6070.3 2.89175 0.000609996
6059.73 2.89266 0.00061427
6049.19 2.89357 0.000618571
6038.69 2.89449 0.0006229
6028.23 2.8954 0.000627256
6017.8 2.89632 0.00063164
6007.41 2.89725 0.000636052
5997.05 2.89818 0.000640492
5986.73 2.89911 0.000644961
5976.45 2.90004 0.000649458
5966.2 2.90098 0.000653984
5955.98 2.90192 0.000658538
5945.8 2.90286 0.000663122
5935.66 2.90381 0.000667735
5925.55 2.90476 0.000672378
5915.47 2.90572 0.00067705
5905.43 2.90667 0.000681753
5895.43 2.90763 0.000686485
5885.45 2.9086 0.000691248
5875.51 2.90957 0.000696041
5865.61 2.91054 0.000700865
5855.73 2.91151 0.00070572
5845.89 2.91249 0.000710606
5836.09 2.91347 0.000715523
5826.31 2.91446 0.000720472
5816.57 2.91544 0.000725453
5806.86 2.91644 0.000730466
5797.19 2.91743 0.000735511
5787.54 2.91843 0.000740588
5777.93 2.91943 0.000745698
5768.35 2.92044 0.000750841
5758.8 2.92145 0.000756017
5749.29 2.92246 0.000761227
5739.8 2.92348 0.00076647
5730.35 2.9245 0.000771746
5720.92 2.92552 0.000777057
5711.53 2.92655 0.000782402
5702.17 2.92758 0.000787782
5692.84 2.92862 0.000793196
5683.54 2.92966 0.000798645
5674.27 2.9307 0.00080413
5665.03 2.93175 0.00080965
5655.82 2.9328 0.000815205
5646.64 2.93385 0.000820797
5637.49 2.93491 0.000826425
5628.37 2.93597 0.000832089
5619.28 2.93703 0.00083779
5610.22 2.9381 0.000843528
5601.18 2.93918 0.000849304
5592.18 2.94025 0.000855116
5583.21 2.94133 0.000860967
5574.26 2.94242 0.000866855
5565.34 2.94351 0.000872782
5556.45 2.9446 0.000878748
5547.59 2.9457 0.000884752
5538.76 2.9468 0.000890795
5529.96 2.9479 0.000896878
5521.18 2.94901 0.000903001
5512.43 2.95012 0.000909163
5503.71 2.95124 0.000915366
5495.02 2.95236 0.000921609
5486.35 2.95348 0.000927893
5477.72 2.95461 0.000934218
5469.11 2.95574 0.000940585
5460.52 2.95688 0.000946993
5451.96 2.95802 0.000953443
5443.43 2.95917 0.000959936
5434.93 2.96032 0.000966471
5426.45 2.96147 0.000973049
5418 2.96263 0.00097967
5409.58 2.96379 0.000986335
5401.18 2.96496 0.000993044
5392.81 2.96613 0.000999796
5384.46 2.9673 0.00100659
5376.14 2.96848 0.00101344
5367.84 2.96967 0.00102032
5359.57 2.97086 0.00102726
5351.33 2.97205 0.00103423
5343.11 2.97324 0.00104126
5334.92 2.97445 0.00104833
5326.75 2.97565 0.00105545
5318.61 2.97686 0.00106261
5310.49 2.97808 0.00106983
5302.39 2.9793 0.00107709
5294.32 2.98052 0.0010844
5286.28 2.98175 0.00109175
5278.26 2.98298 0.00109916
5270.26 2.98422 0.00110661
5262.29 2.98546 0.00111412
5254.34 2.98671 0.00112168
5246.42 2.98796 0.00112928
5238.52 2.98922 0.00113694
5230.64 2.99048 0.00114464
5222.79 2.99174 0.0011524
5214.96 2.99301 0.00116022
5207.16 2.99429 0.00116808
5199.38 2.99557 0.00117599
5191.62 2.99685 0.00118396
5183.88 2.99814 0.00119199
5176.17 2.99944 0.00120006
5168.48 3.00074 0.00120819
5160.81 3.00204 0.00121638
5153.17 3.00335 0.00122462
5145.55 3.00467 0.00123292
5137.95 3.00598 0.00124127
5130.37 3.00731 0.00124968
5122.81 3.00864 0.00125814
5115.28 3.00997 0.00126667
5107.77 3.01131 0.00127525
5100.28 3.01266 0.00128389
5092.82 3.01401 0.00129258
5085.37 3.01536 0.00130134
5077.95 3.01672 0.00131016
5070.55 3.01809 0.00131903
5063.17 3.01946 0.00132797
5055.81 3.02083 0.00133697
5048.48 3.02222 0.00134602
5041.16 3.0236 0.00135515
5033.87 3.02499 0.00136433
5026.59 3.02639 0.00137357
5019.34 3.02779 0.00138288
5012.11 3.0292 0.00139226
5004.9 3.03062 0.00140169
4997.71 3.03204 0.0014112
4990.54 3.03346 0.00142076
4983.39 3.03489 0.0014304
4976.26 3.03633 0.0014401
4969.16 3.03777 0.00144986
4962.07 3.03921 0.0014597
4955 3.04067 0.0014696
4947.95 3.04213 0.00147957
4940.93 3.04359 0.00148961
4933.92 3.04506 0.00149972
4926.93 3.04653 0.0015099
4919.96 3.04802 0.00152015
4913.02 3.0495 0.00153047
4906.09 3.051 0.00154086
4899.18 3.0525 0.00155133
4892.29 3.054 0.00156186
4885.42 3.05551 0.00157248
4878.57 3.05703 0.00158316
4871.74 3.05855 0.00159392
4864.92 3.06008 0.00160476
4858.13 3.06162 0.00161567
4851.36 3.06316 0.00162666
4844.6 3.0647 0.00163773
4837.86 3.06626 0.00164887
4831.15 3.06782 0.00166009
4824.45 3.06938 0.0016714
4817.77 3.07096 0.00168278
4811.1 3.07254 0.00169424
4804.46 3.07412 0.00170578
4797.83 3.07571 0.00171741
4791.23 3.07731 0.00172912
4784.64 3.07892 0.00174091
4778.06 3.08053 0.00175278
4771.51 3.08214 0.00176474
4764.98 3.08377 0.00177679
4758.46 3.0854 0.00178892
4751.96 3.08704 0.00180113
4745.48 3.08868 0.00181344
4739.01 3.09033 0.00182583
4732.57 3.09199 0.00183831
4726.14 3.09365 0.00185088
4719.73 3.09532 0.00186355
4713.33 3.097 0.0018763
4706.95 3.09869 0.00188914
4700.6 3.10038 0.00190208
4694.25 3.10208 0.00191511
4687.93 3.10378 0.00192824
4681.62 3.1055 0.00194146
4675.33 3.10722 0.00195477
4669.05 3.10894 0.00196819
4662.79 3.11068 0.0019817
4656.55 3.11242 0.00199531
4650.33 3.11417 0.00200902
4644.12 3.11592 0.00202282
4637.93 3.11769 0.00203673
4631.76 3.11946 0.00205074
4625.6 3.12124 0.00206486
4619.46 3.12302 0.00207908
4613.33 3.12482 0.0020934
4607.22 3.12662 0.00210783
4601.13 3.12843 0.00212236
4595.05 3.13024 0.002137
4588.99 3.13207 0.00215175
4582.94 3.1339 0.00216661
4576.91 3.13574 0.00218158
4570.9 3.13759 0.00219666
4564.9 3.13944 0.00221185
4558.92 3.1413 0.00222716
4552.95 3.14318 0.00224258
4547 3.14506 0.00225811
4541.07 3.14694 0.00227376
4535.15 3.14884 0.00228953
4529.25 3.15074 0.00230542
4523.36 3.15265 0.00232142
4517.48 3.15457 0.00233755
4511.62 3.1565 0.0023538
4505.78 3.15844 0.00237017
4499.95 3.16038 0.00238666
4494.14 3.16234 0.00240328
4488.34 3.1643 0.00242002
4482.56 3.16627 0.0024369
4476.79 3.16825 0.0024539
4471.04 3.17024 0.00247103
4465.3 3.17224 0.00248829
4459.57 3.17424 0.00250568
4453.87 3.17626 0.0025232
4448.17 3.17828 0.00254086
4442.49 3.18031 0.00255866
4436.83 3.18235 0.00257659
4431.17 3.1844 0.00259466
4425.54 3.18646 0.00261287
4419.91 3.18853 0.00263122
4414.31 3.19061 0.00264971
4408.71 3.1927 0.00266834
